PARSFILE
#FullDataName Path: X-Y Coordinates for Segment`Starbuck_bend`
#RingCtrl0 1
DEFINE_XY_TABLES 1
ITAB_XY = NTAB_XY
XY_TABLE_ID = ITAB_XY
SET_DESCRIPTION XY_TABLE_ID Starbuck_bend
XY_SEGMENT_ID = XY_TABLE_ID

#CheckBox0 0    
#CheckBox1 0    
#CheckBox3 0    

#RadioCtrl0 0    

#DiagramOne0
SEGMENT_XY_TABLE
27.4463, 45.9274, 0.0000
27.4630, 45.9293, 0.0168
27.4797, 45.9312, 0.0336
27.4939, 45.9411, 0.0509
27.5191, 45.9437, 0.0763
27.5276, 45.9445, 0.0848
27.5445, 45.9461, 0.1018
27.5616, 45.9477, 0.1189
27.5787, 45.9493, 0.1361
27.5958, 45.9509, 0.1533
27.6130, 45.9524, 0.1706
27.6388, 45.9548, 0.1965
27.6474, 45.9555, 0.2051
27.6560, 45.9563, 0.2137
27.6717, 45.9557, 0.2295
27.6803, 45.9563, 0.2381
27.6977, 45.9575, 0.2555
27.7153, 45.9585, 0.2731
27.7241, 45.9590, 0.2820
27.7330, 45.9594, 0.2909
27.7508, 45.9603, 0.3087
27.7687, 45.9611, 0.3266
27.7776, 45.9615, 0.3355
27.7955, 45.9622, 0.3534
27.8133, 45.9627, 0.3712
27.8311, 45.9632, 0.3890
27.8488, 45.9705, 0.4082
27.8578, 45.9707, 0.4172
27.8667, 45.9709, 0.4261
27.8755, 45.9710, 0.4349
27.8935, 45.9712, 0.4529
27.9024, 45.9712, 0.4618
27.9205, 45.9710, 0.4799
27.9295, 45.9709, 0.4889
27.9386, 45.9706, 0.4980
27.9477, 45.9704, 0.5071
27.9568, 45.9701, 0.5162
27.9750, 45.9694, 0.5344
27.9933, 45.9687, 0.5527
28.0116, 45.9680, 0.5710
28.0229, 45.9699, 0.5825
28.0412, 45.9692, 0.6008
28.0596, 45.9686, 0.6192
28.0873, 45.9675, 0.6470
28.1058, 45.9666, 0.6655
28.1244, 45.9657, 0.6841
28.1430, 45.9646, 0.7027
28.1617, 45.9634, 0.7215
28.1803, 45.9622, 0.7401
28.2083, 45.9602, 0.7682
28.2206, 45.9610, 0.7805
28.2392, 45.9594, 0.7992
28.2578, 45.9576, 0.8179
28.2764, 45.9558, 0.8365
28.2949, 45.9537, 0.8552
28.3319, 45.9491, 0.8924
28.3412, 45.9479, 0.9018
28.3505, 45.9466, 0.9112
28.3597, 45.9454, 0.9205
28.3783, 45.9427, 0.9393
28.3967, 45.9447, 0.9578
28.4059, 45.9433, 0.9671
28.4334, 45.9391, 0.9949
28.4426, 45.9376, 1.0042
28.4699, 45.9333, 1.0319
28.4882, 45.9303, 1.0504
28.4973, 45.9287, 1.0597
28.5064, 45.9272, 1.0689
28.5247, 45.9240, 1.0875
28.5429, 45.9207, 1.1060
28.5611, 45.9172, 1.1245
28.5702, 45.9155, 1.1338
28.5803, 45.9153, 1.1439
28.5894, 45.9135, 1.1531
28.5985, 45.9117, 1.1624
28.6255, 45.9062, 1.1900
28.6345, 45.9043, 1.1992
28.6525, 45.9006, 1.2175
28.6705, 45.8967, 1.2360
28.6885, 45.8928, 1.2544
28.7242, 45.8844, 1.2910
28.7331, 45.8822, 1.3002
28.7510, 45.8779, 1.3186
28.7687, 45.8734, 1.3369
28.7867, 45.8751, 1.3550
28.7956, 45.8728, 1.3642
28.8045, 45.8705, 1.3734
28.8222, 45.8659, 1.3916
28.8576, 45.8565, 1.4283
28.8665, 45.8540, 1.4375
28.8841, 45.8490, 1.4558
28.9106, 45.8412, 1.4834
28.9194, 45.8385, 1.4926
28.9282, 45.8358, 1.5018
28.9371, 45.8331, 1.5111
28.9621, 45.8299, 1.5363
28.9710, 45.8271, 1.5457
28.9888, 45.8214, 1.5644
28.9977, 45.8185, 1.5737
29.0155, 45.8127, 1.5924
29.0421, 45.8038, 1.6205
29.0510, 45.8008, 1.6299
29.0688, 45.7946, 1.6487
29.0867, 45.7885, 1.6676
29.1045, 45.7822, 1.6865
29.1225, 45.7759, 1.7056
29.1378, 45.7685, 1.7226
29.1468, 45.7653, 1.7321
29.1736, 45.7557, 1.7606
29.1825, 45.7524, 1.7701
29.2003, 45.7460, 1.7890
29.2179, 45.7395, 1.8078
29.2354, 45.7329, 1.8265
29.2529, 45.7263, 1.8452
29.2702, 45.7195, 1.8638
29.2961, 45.7090, 1.8917
29.3133, 45.7017, 1.9104
29.3323, 45.6965, 1.9301
29.3495, 45.6889, 1.9489
29.3666, 45.6812, 1.9677
29.3836, 45.6732, 1.9865
29.4005, 45.6652, 2.0052
29.4174, 45.6572, 2.0239
29.4258, 45.6532, 2.0332
29.4424, 45.6451, 2.0516
29.4592, 45.6369, 2.0703
29.4759, 45.6286, 2.0890
29.4925, 45.6203, 2.1075
29.5094, 45.6125, 2.1261
29.5262, 45.6040, 2.1450
29.5429, 45.5953, 2.1638
29.5597, 45.5866, 2.1827
29.5681, 45.5822, 2.1922
29.5932, 45.5688, 2.2207
29.6016, 45.5643, 2.2302
29.6182, 45.5553, 2.2491
29.6430, 45.5416, 2.2774
29.6512, 45.5370, 2.2868
29.6760, 45.5232, 2.3152
29.6980, 45.5139, 2.3391
29.7145, 45.5044, 2.3581
29.7227, 45.4995, 2.3677
29.7391, 45.4898, 2.3867
29.7554, 45.4800, 2.4057
29.7717, 45.4701, 2.4248
29.7958, 45.4551, 2.4532
29.8039, 45.4500, 2.4628
29.8278, 45.4346, 2.4912
29.8358, 45.4294, 2.5007
29.8486, 45.4285, 2.5136
29.8565, 45.4233, 2.5230
29.8645, 45.4180, 2.5326
29.8804, 45.4073, 2.5518
29.8884, 45.4019, 2.5614
29.9043, 45.3909, 2.5808
29.9201, 45.3799, 2.6000
29.9360, 45.3687, 2.6195
29.9597, 45.3518, 2.6486
29.9755, 45.3404, 2.6681
29.9914, 45.3291, 2.6876
30.0037, 45.3259, 2.7003
30.0195, 45.3145, 2.7198
30.0354, 45.3029, 2.7394
30.0513, 45.2913, 2.7591
30.0672, 45.2795, 2.7789
30.0752, 45.2736, 2.7889
30.0910, 45.2616, 2.8087
30.1069, 45.2494, 2.8288
30.1226, 45.2371, 2.8487
30.1383, 45.2247, 2.8687
30.1539, 45.2122, 2.8887
30.1820, 45.1972, 2.9205
30.1897, 45.1908, 2.9306
30.2051, 45.1781, 2.9505
30.2204, 45.1653, 2.9705
30.2356, 45.1524, 2.9904
30.2507, 45.1393, 3.0104
30.2658, 45.1261, 3.0305
30.2809, 45.1126, 3.0507
30.2959, 45.0991, 3.0709
30.3034, 45.0923, 3.0810
30.3183, 45.0787, 3.1012
30.3316, 45.0770, 3.1146
30.3466, 45.0633, 3.1349
30.3616, 45.0497, 3.1552
30.3766, 45.0362, 3.1753
30.3917, 45.0226, 3.1957
30.4068, 45.0091, 3.2159
30.4143, 45.0022, 3.2261
30.4293, 44.9885, 3.2464
30.4443, 44.9747, 3.2668
30.4592, 44.9607, 3.2872
30.4739, 44.9466, 3.3076
30.4812, 44.9395, 3.3178
30.4927, 44.9392, 3.3293
30.5146, 44.9177, 3.3600
30.5218, 44.9105, 3.3702
30.5362, 44.8961, 3.3905
30.5505, 44.8816, 3.4109
30.5648, 44.8670, 3.4313
30.5790, 44.8524, 3.4517
ENDTABLE

LOG_ENTRY Used Dataset: Path: X-Y Coordinates for Segment; Starbuck_bend
#Library : Path: X-Y Coordinates for Segment
#DataSet : Starbuck_bend
#Category: 
#FileID  : XYtab_2e1fdcb6-90c1-42aa-9915-fc3c4f71a066
#Product : CarSim 2020.0
#VehCode X-Y Coordinates of Segment

END
