PARSFILE
#FullDataName Path: X-Y Coordinates for Segment`Starbuck_straight`
#RingCtrl0 1
DEFINE_XY_TABLES 1
ITAB_XY = NTAB_XY
XY_TABLE_ID = ITAB_XY
SET_DESCRIPTION XY_TABLE_ID Starbuck_straight
XY_SEGMENT_ID = XY_TABLE_ID

#CheckBox0 0    
#CheckBox1 0    
#CheckBox3 0    

#RadioCtrl0 1    

#DiagramOne0
SEGMENT_XY_TABLE
-10.8911, 21.6557, 0.0000
-10.8867, 21.6749, 0.0197
-10.8778, 21.6877, 0.0353
-10.8689, 21.7006, 0.0510
-10.8600, 21.7134, 0.0666
-10.8510, 21.7262, 0.0822
-10.8419, 21.7390, 0.0979
-10.8325, 21.7454, 0.1093
-10.8278, 21.7582, 0.1229
-10.8183, 21.7710, 0.1389
-10.8088, 21.7741, 0.1488
-10.8298, 21.7868, 0.1734
-10.8204, 21.7994, 0.1891
-10.8109, 21.8122, 0.2050
-10.8014, 21.8312, 0.2263
-10.7871, 21.8438, 0.2453
-10.7774, 21.8564, 0.2612
-10.7677, 21.8690, 0.2771
-10.7579, 21.8815, 0.2930
-10.7480, 21.8940, 0.3090
-10.7380, 21.9002, 0.3207
-10.7330, 21.9032, 0.3266
-10.7482, 21.9156, 0.3462
-10.7382, 21.9280, 0.3621
-10.7282, 21.9403, 0.3780
-10.7180, 21.9526, 0.3940
-10.7078, 21.9710, 0.4150
-10.6923, 21.9833, 0.4348
-10.6820, 21.9895, 0.4468
-10.6768, 22.0080, 0.4660
-10.6612, 22.0141, 0.4828
-10.6560, 22.0250, 0.4948
-10.6631, 22.0373, 0.5090
-10.6529, 22.0495, 0.5249
-10.6425, 22.0556, 0.5370
-10.6373, 22.0616, 0.5449
-10.6321, 22.0737, 0.5581
-10.6216, 22.0857, 0.5741
-10.6110, 22.0977, 0.5901
-10.6003, 22.1212, 0.6159
-10.5787, 22.1270, 0.6383
-10.5733, 22.1295, 0.6442
-10.5844, 22.1411, 0.6603
-10.5737, 22.1526, 0.6760
-10.5629, 22.1640, 0.6917
-10.5521, 22.1754, 0.7074
-10.5412, 22.1868, 0.7232
-10.5303, 22.1925, 0.7355
-10.5249, 22.2039, 0.7481
-10.5140, 22.2152, 0.7638
-10.5031, 22.2265, 0.7795
-10.4922, 22.2378, 0.7952
-10.4812, 22.2465, 0.8092
-10.4858, 22.2521, 0.8164
-10.4803, 22.2631, 0.8287
-10.4692, 22.2686, 0.8411
-10.4636, 22.2795, 0.8534
-10.4525, 22.2903, 0.8689
-10.4412, 22.3012, 0.8846
-10.4299, 22.3121, 0.9003
-10.4185, 22.3228, 0.9159
-10.4073, 22.3336, 0.9315
-10.3960, 22.3496, 0.9510
-10.3792, 22.3545, 0.9685
-10.3846, 22.3597, 0.9760
-10.3790, 22.3650, 0.9838
-10.3734, 22.3755, 0.9957
-10.3623, 22.3858, 1.0108
-10.3511, 22.3960, 1.0259
-10.3399, 22.4061, 1.0410
-10.3287, 22.4212, 1.0598
-10.3118, 22.4311, 1.0794
-10.3005, 22.4459, 1.0980
-10.2835, 22.4507, 1.1157
-10.2778, 22.4543, 1.1224
-10.2806, 22.4639, 1.1324
-10.2693, 22.4734, 1.1472
-10.2581, 22.4828, 1.1618
-10.2469, 22.4876, 1.1740
-10.2413, 22.4922, 1.1813
-10.2357, 22.4969, 1.1886
-10.2301, 22.5062, 1.1994
-10.2188, 22.5199, 1.2172
-10.2020, 22.5244, 1.2346
-10.1963, 22.5379, 1.2492
-10.1794, 22.5424, 1.2667
-10.1737, 22.5502, 1.2764
-10.1637, 22.5590, 1.2897
-10.1523, 22.5678, 1.3041
-10.1410, 22.5765, 1.3184
-10.1297, 22.5851, 1.3326
-10.1185, 22.5893, 1.3445
-10.1129, 22.5977, 1.3546
-10.1017, 22.6060, 1.3686
-10.0906, 22.6142, 1.3824
-10.0794, 22.6265, 1.3990
-10.0628, 22.6305, 1.4161
-10.0573, 22.6410, 1.4279
-10.0486, 22.6490, 1.4397
-10.0376, 22.6530, 1.4514
-10.0320, 22.6609, 1.4611
-10.0209, 22.6687, 1.4747
-10.0099, 22.6764, 1.4881
-9.9989, 22.6840, 1.5015
-9.9880, 22.6916, 1.5148
-9.9772, 22.7027, 1.5303
-9.9612, 22.7101, 1.5479
-9.9505, 22.7171, 1.5607
-9.9449, 22.7243, 1.5698
-9.9343, 22.7315, 1.5826
-9.9236, 22.7386, 1.5955
-9.9130, 22.7456, 1.6082
-9.9024, 22.7526, 1.6209
-9.8919, 22.7560, 1.6319
-9.8867, 22.7661, 1.6433
-9.8712, 22.7694, 1.6591
-9.8661, 22.7761, 1.6675
-9.8559, 22.7826, 1.6796
-9.8457, 22.7891, 1.6917
-9.8422, 22.7954, 1.6989
-9.8321, 22.8017, 1.7108
-9.8221, 22.8047, 1.7213
-9.8170, 22.8107, 1.7291
-9.8069, 22.8168, 1.7409
-9.7968, 22.8226, 1.7526
-9.7869, 22.8285, 1.7641
-9.7772, 22.8372, 1.7771
-9.7628, 22.8430, 1.7927
-9.7535, 22.8487, 1.8036
-9.7442, 22.8553, 1.8150
-9.7451, 22.8582, 1.8180
-9.7406, 22.8610, 1.8233
-9.7361, 22.8666, 1.8305
-9.7271, 22.8722, 1.8411
-9.7182, 22.8777, 1.8516
-9.7093, 22.8830, 1.8619
-9.7005, 22.8856, 1.8711
-9.6961, 22.8908, 1.8779
-9.6873, 22.8934, 1.8871
-9.6829, 22.9009, 1.8958
-9.6696, 22.9059, 1.9100
-9.6609, 22.9145, 1.9222
-9.6568, 22.9194, 1.9286
-9.6481, 22.9219, 1.9377
-9.6438, 22.9268, 1.9442
-9.6351, 22.9317, 1.9542
-9.6265, 22.9365, 1.9640
-9.6179, 22.9389, 1.9730
-9.6136, 22.9461, 1.9813
-9.6005, 22.9485, 1.9947
-9.5961, 22.9532, 2.0011
-9.5872, 22.9581, 2.0113
-9.5781, 22.9681, 2.0248
-9.5772, 22.9731, 2.0299
-9.5679, 22.9782, 2.0405
-9.5584, 22.9834, 2.0513
-9.5488, 22.9860, 2.0612
-9.5440, 22.9886, 2.0667
-9.5391, 22.9941, 2.0741
-9.5293, 22.9997, 2.0853
-9.5193, 23.0054, 2.0969
-9.5092, 23.0113, 2.1086
-9.4989, 23.0173, 2.1205
-9.4885, 23.0233, 2.1325
-9.4904, 23.0295, 2.1390
-9.4796, 23.0327, 2.1502
-9.4741, 23.0358, 2.1565
-9.4686, 23.0390, 2.1629
-9.4629, 23.0455, 2.1716
-9.4515, 23.0552, 2.1865
-9.4338, 23.0585, 2.2045
-9.4278, 23.0687, 2.2164
-9.4094, 23.0756, 2.2360
-9.3967, 23.0826, 2.2505
-9.3839, 23.0958, 2.2689
-9.3760, 23.0995, 2.2776
-9.3693, 23.1069, 2.2876
-9.3559, 23.1143, 2.3029
-9.3422, 23.1217, 2.3185
-9.3284, 23.1254, 2.3328
-9.3215, 23.1329, 2.3430
-9.3075, 23.1404, 2.3588
-9.2934, 23.1442, 2.3734
-9.2863, 23.1479, 2.3815
-9.2792, 23.1556, 2.3919
-9.2650, 23.1671, 2.4102
-9.2434, 23.1804, 2.4356
-9.2347, 23.1843, 2.4451
-9.2275, 23.1881, 2.4532
-9.2204, 23.1920, 2.4613
-9.2132, 23.1996, 2.4718
-9.1989, 23.2071, 2.4880
-9.1847, 23.2146, 2.5040
-9.1705, 23.2256, 2.5220
-9.1494, 23.2292, 2.5434
-9.1424, 23.2364, 2.5534
-9.1285, 23.2436, 2.5691
-9.1146, 23.2472, 2.5834
-9.1077, 23.2544, 2.5934
-9.1089, 23.2616, 2.6007
-9.0952, 23.2687, 2.6161
-9.0817, 23.2758, 2.6314
-9.0682, 23.2830, 2.6467
-9.0549, 23.2901, 2.6618
-9.0415, 23.2973, 2.6770
-9.0281, 23.3079, 2.6941
-9.0080, 23.3149, 2.7154
-8.9947, 23.3219, 2.7304
-8.9813, 23.3311, 2.7466
-8.9839, 23.3381, 2.7541
-8.9706, 23.3449, 2.7690
-8.9572, 23.3586, 2.7882
-8.9305, 23.3620, 2.8151
-8.9239, 23.3723, 2.8274
-8.9038, 23.3757, 2.8477
-8.8971, 23.3824, 2.8572
-8.8837, 23.3892, 2.8722
-8.8704, 23.3960, 2.8872
-8.8569, 23.4049, 2.9034
-8.8596, 23.4117, 2.9107
-8.8464, 23.4219, 2.9273
-8.8265, 23.4287, 2.9484
-8.8133, 23.4354, 2.9632
-8.8001, 23.4422, 2.9780
-8.7869, 23.4490, 2.9929
-8.7737, 23.4559, 3.0078
-8.7604, 23.4627, 3.0227
-8.7471, 23.4661, 3.0364
-8.7405, 23.4781, 3.0501
-8.7403, 23.4816, 3.0536
-8.7336, 23.4851, 3.0612
-8.7269, 23.4957, 3.0737
-8.7069, 23.4993, 3.0941
-8.7002, 23.5063, 3.1037
-8.6867, 23.5134, 3.1190
-8.6732, 23.5205, 3.1343
-8.6595, 23.5276, 3.1497
-8.6457, 23.5312, 3.1639
-8.6388, 23.5383, 3.1738
-8.6250, 23.5455, 3.1894
-8.6111, 23.5526, 3.2050
-8.5970, 23.5639, 3.2231
-8.5992, 23.5712, 3.2307
-8.5852, 23.5823, 3.2486
-8.5640, 23.5897, 3.2710
-8.5498, 23.5935, 3.2857
-8.5427, 23.6009, 3.2960
-8.5286, 23.6083, 3.3119
-8.5143, 23.6120, 3.3267
-8.5072, 23.6193, 3.3369
-8.4931, 23.6266, 3.3527
-8.4790, 23.6387, 3.3713
-8.4774, 23.6460, 3.3788
-8.4635, 23.6531, 3.3944
-8.4496, 23.6638, 3.4120
-8.4290, 23.6709, 3.4337
-8.4153, 23.6778, 3.4491
-8.4018, 23.6847, 3.4642
-8.3885, 23.6916, 3.4792
-8.3751, 23.6984, 3.4943
-8.3619, 23.7050, 3.5090
-8.3487, 23.7084, 3.5226
-8.3422, 23.7196, 3.5356
-8.3408, 23.7230, 3.5393
-8.3343, 23.7263, 3.5466
-8.3279, 23.7329, 3.5557
-8.3150, 23.7395, 3.5702
-8.3022, 23.7459, 3.5846
-8.2896, 23.7523, 3.5987
-8.2769, 23.7647, 3.6164
-8.2518, 23.7678, 3.6417
-8.2456, 23.7739, 3.6504
-8.2333, 23.7800, 3.6642
-8.2211, 23.7921, 3.6813
-8.2199, 23.7951, 3.6846
-8.2139, 23.7981, 3.6913
-8.2079, 23.8041, 3.6998
-8.1959, 23.8101, 3.7132
-8.1841, 23.8189, 3.7279
-8.1663, 23.8247, 3.7466
-8.1546, 23.8335, 3.7613
-8.1370, 23.8363, 3.7791
-8.1311, 23.8449, 3.7895
-8.1136, 23.8477, 3.8072
-8.1078, 23.8616, 3.8223
-8.1048, 23.8730, 3.8341
-8.0817, 23.8759, 3.8574
-8.0759, 23.8817, 3.8656
-8.0643, 23.8874, 3.8785
-8.0526, 23.8931, 3.8915
-8.0408, 23.8989, 3.9046
-8.0291, 23.9077, 3.9193
-8.0112, 23.9166, 3.9393
-7.9931, 23.9197, 3.9576
-7.9869, 23.9342, 3.9734
-7.9854, 23.9373, 3.9769
-7.9793, 23.9405, 3.9837
-7.9732, 23.9469, 3.9926
-7.9609, 23.9533, 4.0065
-7.9485, 23.9629, 4.0221
-7.9299, 23.9695, 4.0419
-7.9174, 23.9727, 4.0548
-7.9111, 23.9826, 4.0665
-7.8921, 23.9893, 4.0867
-7.8792, 24.0118, 4.1126
-7.8597, 24.0153, 4.1324
-7.8531, 24.0221, 4.1419
-7.8398, 24.0289, 4.1568
-7.8264, 24.0357, 4.1718
-7.8130, 24.0424, 4.1868
-7.7996, 24.0458, 4.2006
-7.7929, 24.0526, 4.2102
-7.7795, 24.0595, 4.2253
-7.7662, 24.0664, 4.2403
-7.7528, 24.0733, 4.2553
-7.7395, 24.0768, 4.2691
-7.7328, 24.0944, 4.2879
-7.7210, 24.0981, 4.3003
-7.7143, 24.1053, 4.3101
-7.7010, 24.1126, 4.3253
-7.6877, 24.1199, 4.3405
-7.6744, 24.1235, 4.3542
-7.6678, 24.1307, 4.3640
-7.6546, 24.1378, 4.3790
-7.6414, 24.1448, 4.3939
-7.6282, 24.1553, 4.4108
-7.6085, 24.1622, 4.4317
-7.5953, 24.1805, 4.4542
-7.5864, 24.1876, 4.4656
-7.5733, 24.1910, 4.4792
-7.5667, 24.1945, 4.4866
-7.5601, 24.2015, 4.4962
-7.5470, 24.2083, 4.5110
-7.5340, 24.2152, 4.5257
-7.5210, 24.2220, 4.5404
-7.5083, 24.2254, 4.5535
-7.5019, 24.2322, 4.5629
-7.4894, 24.2390, 4.5771
-7.4770, 24.2458, 4.5912
-7.4646, 24.2622, 4.6118
-7.4563, 24.2691, 4.6226
-7.4440, 24.2759, 4.6367
-7.4318, 24.2894, 4.6549
-7.4074, 24.2928, 4.6795
-7.4013, 24.2995, 4.6885
-7.3889, 24.3062, 4.7026
-7.3764, 24.3130, 4.7169
-7.3638, 24.3266, 4.7354
-7.3384, 24.3300, 4.7610
-7.3320, 24.3486, 4.7807
-7.3193, 24.3521, 4.7939
-7.3129, 24.3591, 4.8034
-7.2998, 24.3663, 4.8183
-7.2866, 24.3734, 4.8333
-7.2734, 24.3807, 4.8484
-7.2601, 24.3879, 4.8635
-7.2467, 24.3952, 4.8788
-7.2332, 24.4026, 4.8942
-7.2198, 24.4062, 4.9080
-7.2130, 24.4099, 4.9158
-7.2062, 24.4136, 4.9235
-7.1995, 24.4336, 4.9446
-7.1907, 24.4449, 4.9589
-7.1704, 24.4487, 4.9796
-7.1636, 24.4562, 4.9897
-7.1500, 24.4636, 5.0052
-7.1365, 24.4711, 5.0206
-7.1230, 24.4785, 5.0360
-7.1097, 24.4822, 5.0498
-7.1029, 24.4895, 5.0598
-7.0896, 24.4969, 5.0750
-7.0763, 24.5136, 5.0964
-7.0687, 24.5211, 5.1071
-7.0553, 24.5287, 5.1225
-7.0419, 24.5362, 5.1378
-7.0285, 24.5437, 5.1532
-7.0152, 24.5548, 5.1705
-6.9951, 24.5622, 5.1919
-6.9817, 24.5696, 5.2072
-6.9684, 24.5770, 5.2225
-6.9550, 24.5843, 5.2377
-6.9415, 24.5973, 5.2565
-6.9360, 24.6010, 5.2631
-6.9293, 24.6047, 5.2707
-6.9226, 24.6122, 5.2808
-6.9092, 24.6160, 5.2947
-6.9024, 24.6235, 5.3048
-6.8890, 24.6310, 5.3202
-6.8755, 24.6385, 5.3356
-6.8620, 24.6459, 5.3510
-6.8485, 24.6533, 5.3664
-6.8349, 24.6644, 5.3840
-6.8145, 24.6719, 5.4057
-6.8008, 24.6869, 5.4260
-6.7951, 24.6907, 5.4329
-6.7882, 24.6983, 5.4432
-6.7744, 24.7021, 5.4575
-6.7676, 24.7098, 5.4677
-6.7538, 24.7174, 5.4835
-6.7400, 24.7251, 5.4993
-6.7262, 24.7289, 5.5136
-6.7193, 24.7366, 5.5240
-6.7055, 24.7444, 5.5398
-6.6917, 24.7521, 5.5556
-6.6779, 24.7598, 5.5714
-6.6641, 24.7636, 5.5857
-6.6572, 24.7796, 5.6031
-6.6515, 24.7836, 5.6101
-6.6446, 24.7954, 5.6238
-6.6238, 24.8032, 5.6460
-6.6100, 24.8111, 5.6619
-6.5962, 24.8189, 5.6777
-6.5823, 24.8307, 5.6960
-6.5615, 24.8346, 5.7171
-6.5545, 24.8424, 5.7276
-6.5406, 24.8502, 5.7436
-6.5267, 24.8635, 5.7628
-6.5212, 24.8713, 5.7723
-6.5073, 24.8832, 5.7906
-6.4863, 24.8911, 5.8131
-6.4722, 24.8989, 5.8292
-6.4582, 24.9068, 5.8453
-6.4441, 24.9147, 5.8614
-6.4300, 24.9227, 5.8776
-6.4157, 24.9306, 5.8940
-6.4016, 24.9385, 5.9101
-6.3874, 24.9524, 5.9300
-6.3803, 24.9564, 5.9382
-6.3732, 24.9644, 5.9489
-6.3590, 24.9724, 5.9652
-6.3448, 24.9803, 5.9814
-6.3306, 24.9883, 5.9977
-6.3163, 24.9964, 6.0141
-6.3020, 25.0125, 6.0357
-6.2733, 25.0166, 6.0647
-6.2661, 25.0247, 6.0755
-6.2516, 25.0413, 6.0975
-6.2431, 25.0496, 6.1094
-6.2286, 25.0580, 6.1262
-6.2139, 25.0664, 6.1431
-6.1991, 25.0792, 6.1627
-6.1769, 25.0877, 6.1865
-6.1620, 25.0963, 6.2037
-6.1471, 25.1048, 6.2208
-6.1321, 25.1134, 6.2381
-6.1171, 25.1177, 6.2537
-6.1095, 25.1220, 6.2624
-6.1019, 25.1464, 6.2880
-6.0783, 25.1509, 6.3120
-6.0705, 25.1599, 6.3239
-6.0549, 25.1689, 6.3419
-6.0392, 25.1780, 6.3601
-6.0236, 25.1871, 6.3781
-6.0080, 25.1961, 6.3962
-5.9925, 25.2096, 6.4167
-5.9692, 25.2232, 6.4437
-5.9456, 25.2277, 6.4677
-5.9378, 25.2423, 6.4843
-5.9286, 25.2468, 6.4945
-5.9207, 25.2514, 6.5036
-5.9127, 25.2607, 6.5159
-5.8968, 25.2701, 6.5344
-5.8808, 25.2840, 6.5556
-5.8566, 25.2933, 6.5815
-5.8406, 25.3025, 6.6000
-5.8245, 25.3116, 6.6185
-5.8086, 25.3208, 6.6368
-5.7925, 25.3298, 6.6553
-5.7765, 25.3457, 6.6778
-5.7659, 25.3504, 6.6894
-5.7578, 25.3550, 6.6987
-5.7498, 25.3689, 6.7148
-5.7256, 25.3736, 6.7394
-5.7176, 25.3829, 6.7517
-5.7014, 25.3875, 6.7685
-5.6934, 25.3967, 6.7807
-5.6773, 25.4058, 6.7992
-5.6613, 25.4148, 6.8176
-5.6454, 25.4283, 6.8384
-5.6217, 25.4328, 6.8626
-5.6139, 25.4489, 6.8805
-5.6033, 25.4534, 6.8920
-5.5955, 25.4625, 6.9040
-5.5799, 25.4669, 6.9202
-5.5721, 25.4714, 6.9292
-5.5643, 25.4802, 6.9409
-5.5487, 25.4891, 6.9589
-5.5331, 25.4979, 6.9768
-5.5175, 25.5067, 6.9947
-5.5020, 25.5154, 7.0125
-5.4866, 25.5240, 7.0301
-5.4713, 25.5283, 7.0460
-5.4637, 25.5473, 7.0665
-5.4479, 25.5517, 7.0829
-5.4403, 25.5602, 7.0943
-5.4251, 25.5688, 7.1117
-5.4100, 25.5773, 7.1291
-5.3949, 25.5943, 7.1518
-5.3647, 25.5986, 7.1823
-5.3572, 25.6112, 7.1970
-5.3347, 25.6154, 7.2199
-5.3272, 25.6237, 7.2311
-5.3123, 25.6434, 7.2558
-5.2986, 25.6476, 7.2701
-5.2911, 25.6644, 7.2885
-5.2616, 25.6686, 7.3183
-5.2542, 25.6769, 7.3294
-5.2395, 25.6851, 7.3462
-5.2248, 25.6934, 7.3631
-5.2101, 25.7016, 7.3799
-5.1953, 25.7099, 7.3969
-5.1805, 25.7223, 7.4162
-5.1584, 25.7394, 7.4442
-5.1422, 25.7435, 7.4609
-5.1349, 25.7518, 7.4719
-5.1202, 25.7643, 7.4912
-5.0981, 25.7686, 7.5137
-5.0906, 25.7770, 7.5250
-5.0757, 25.7855, 7.5422
-5.0606, 25.7898, 7.5579
-5.0531, 25.7941, 7.5665
-5.0455, 25.8112, 7.5852
-5.0150, 25.8155, 7.6160
-5.0073, 25.8217, 7.6259
-5.0020, 25.8304, 7.6361
-4.9868, 25.8391, 7.6536
-4.9714, 25.8477, 7.6712
-4.9560, 25.8564, 7.6889
-4.9404, 25.8652, 7.7068
-4.9247, 25.8828, 7.7304
-4.8930, 25.8873, 7.7624
-4.8850, 25.8963, 7.7745
-4.8690, 25.9052, 7.7928
-4.8529, 25.9142, 7.8112
-4.8487, 25.9233, 7.8213
-4.8326, 25.9324, 7.8398
-4.8164, 25.9415, 7.8583
-4.8003, 25.9507, 7.8769
-4.7840, 25.9552, 7.8938
-4.7759, 25.9643, 7.9060
-4.7595, 25.9736, 7.9248
-4.7430, 25.9828, 7.9437
-4.7265, 25.9969, 7.9654
-4.7014, 26.0016, 7.9910
-4.6930, 26.0229, 8.0138
-4.6697, 26.0277, 8.0376
-4.6613, 26.0374, 8.0505
-4.6443, 26.0470, 8.0700
-4.6274, 26.0567, 8.0895
-4.6105, 26.0663, 8.1089
-4.5935, 26.0857, 8.1347
-4.5595, 26.0905, 8.1690
-4.5510, 26.1002, 8.1819
-4.5339, 26.1182, 8.2068
-4.5174, 26.1231, 8.2240
-4.5088, 26.1329, 8.2370
-4.4915, 26.1427, 8.2569
-4.4742, 26.1625, 8.2832
-4.4394, 26.1675, 8.3184
-4.4306, 26.1774, 8.3316
-4.4130, 26.1874, 8.3518
-4.3953, 26.1974, 8.3722
-4.3775, 26.2075, 8.3926
-4.3595, 26.2176, 8.4133
-4.3415, 26.2306, 8.4355
-4.3332, 26.2408, 8.4486
-4.3151, 26.2461, 8.4675
-4.3060, 26.2564, 8.4812
-4.2878, 26.2669, 8.5023
-4.2694, 26.2773, 8.5234
-4.2511, 26.2878, 8.5445
-4.2328, 26.2983, 8.5656
-4.2144, 26.3140, 8.5898
-4.1868, 26.3192, 8.6179
-4.1775, 26.3245, 8.6286
-4.1683, 26.3379, 8.6448
-4.1595, 26.3432, 8.6551
-4.1502, 26.3486, 8.6658
-4.1409, 26.3591, 8.6799
-4.1225, 26.3697, 8.7011
-4.1040, 26.3803, 8.7224
-4.0855, 26.3908, 8.7437
-4.0670, 26.4011, 8.7649
-4.0486, 26.4115, 8.7860
-4.0302, 26.4322, 8.8137
-3.9934, 26.4374, 8.8509
-3.9842, 26.4564, 8.8720
-3.9648, 26.4615, 8.8920
-3.9556, 26.4719, 8.9059
-3.9372, 26.4821, 8.9270
-3.9188, 26.4924, 8.9480
-3.9005, 26.5128, 8.9755
-3.8641, 26.5179, 9.0122
-3.8550, 26.5281, 9.0259
-3.8369, 26.5383, 9.0467
-3.8187, 26.5603, 9.0752
-3.8013, 26.5654, 9.0933
-3.7923, 26.5756, 9.1069
-3.7743, 26.5857, 9.1276
-3.7564, 26.5958, 9.1481
-3.7385, 26.6008, 9.1667
-3.7296, 26.6158, 9.1842
-3.7029, 26.6208, 9.2113
-3.6940, 26.6306, 9.2246
-3.6763, 26.6405, 9.2448
-3.6585, 26.6553, 9.2680
-3.6321, 26.6601, 9.2948
-3.6232, 26.6650, 9.3050
-3.6144, 26.6846, 9.3265
-3.5963, 26.6895, 9.3452
-3.5876, 26.6993, 9.3583
-3.5702, 26.7090, 9.3782
-3.5527, 26.7187, 9.3983
-3.5353, 26.7283, 9.4181
-3.5180, 26.7379, 9.4379
-3.5007, 26.7523, 9.4604
-3.4749, 26.7617, 9.4879
-3.4578, 26.7712, 9.5074
-3.4407, 26.7867, 9.5305
-3.4294, 26.7962, 9.5453
-3.4123, 26.8056, 9.5648
-3.3953, 26.8150, 9.5842
-3.3783, 26.8243, 9.6036
-3.3613, 26.8290, 9.6212
-3.3528, 26.8382, 9.6338
-3.3358, 26.8475, 9.6531
-3.3189, 26.8567, 9.6724
-3.3020, 26.8659, 9.6916
-3.2851, 26.8888, 9.7201
-3.2674, 26.8982, 9.7401
-3.2504, 26.9029, 9.7578
-3.2419, 26.9122, 9.7704
-3.2249, 26.9216, 9.7898
-3.2077, 26.9310, 9.8094
-3.1905, 26.9357, 9.8272
-3.1819, 26.9452, 9.8400
-3.1647, 26.9547, 9.8597
-3.1474, 26.9642, 9.8794
-3.1300, 26.9737, 9.8992
-3.1126, 26.9945, 9.9264
-3.1015, 26.9995, 9.9385
-3.0928, 27.0044, 9.9485
-3.0840, 27.0193, 9.9658
-3.0574, 27.0292, 9.9942
-3.0396, 27.0393, 10.0147
-3.0218, 27.0493, 10.0351
-3.0039, 27.0593, 10.0556
-2.9861, 27.0691, 10.0759
-2.9684, 27.0840, 10.0991
-2.9416, 27.0890, 10.1263
-2.9327, 27.0940, 10.1365
-2.9237, 27.1131, 10.1576
-2.9140, 27.1231, 10.1716
-2.8959, 27.1332, 10.1923
-2.8777, 27.1434, 10.2132
-2.8593, 27.1639, 10.2407
-2.8227, 27.1743, 10.2788
-2.8043, 27.1794, 10.2979
-2.7952, 27.1948, 10.3157
-2.7677, 27.2000, 10.3437
-2.7586, 27.2103, 10.3575
-2.7402, 27.2293, 10.3839
-2.7296, 27.2397, 10.3988
-2.7110, 27.2555, 10.4232
-2.6830, 27.2663, 10.4532
-2.6640, 27.2771, 10.4750
-2.6450, 27.2879, 10.4969
-2.6258, 27.2988, 10.5190
-2.6066, 27.3098, 10.5411
-2.5873, 27.3206, 10.5632
-2.5682, 27.3315, 10.5852
-2.5489, 27.3528, 10.6140
-2.5372, 27.3638, 10.6300
-2.5179, 27.3693, 10.6501
-2.5083, 27.3805, 10.6648
-2.4890, 27.3915, 10.6870
-2.4697, 27.4026, 10.7093
-2.4501, 27.4192, 10.7350
-2.4207, 27.4247, 10.7649
-2.4110, 27.4358, 10.7796
-2.3914, 27.4469, 10.8022
-2.3718, 27.4524, 10.8225
-2.3620, 27.4579, 10.8338
-2.3523, 27.4804, 10.8583
-2.3414, 27.4916, 10.8739
-2.3220, 27.4971, 10.8941
-2.3123, 27.5082, 10.9088
-2.2930, 27.5193, 10.9311
-2.2736, 27.5303, 10.9534
-2.2543, 27.5413, 10.9756
-2.2350, 27.5578, 11.0010
-2.2062, 27.5687, 11.0318
-2.1871, 27.5795, 11.0537
-2.1680, 27.6046, 11.0852
-2.1478, 27.6100, 11.1062
-2.1383, 27.6209, 11.1206
-2.1194, 27.6318, 11.1424
-2.1004, 27.6481, 11.1675
-2.0722, 27.6588, 11.1976
-2.0536, 27.6695, 11.2191
-2.0349, 27.6802, 11.2406
-2.0164, 27.6908, 11.2620
-1.9977, 27.7013, 11.2834
-1.9791, 27.7218, 11.3111
-1.9691, 27.7323, 11.3256
-1.9506, 27.7376, 11.3448
-1.9414, 27.7480, 11.3587
-1.9231, 27.7584, 11.3798
-1.9047, 27.7688, 11.4009
-1.8864, 27.7792, 11.4219
-1.8681, 27.7997, 11.4494
-1.8316, 27.8049, 11.4863
-1.8224, 27.8100, 11.4968
-1.8133, 27.8151, 11.5072
-1.8042, 27.8402, 11.5339
-1.7833, 27.8454, 11.5555
-1.7742, 27.8506, 11.5660
-1.7651, 27.8558, 11.5764
-1.7561, 27.8662, 11.5902
-1.7380, 27.8765, 11.6110
-1.7199, 27.8970, 11.6384
-1.6838, 27.9021, 11.6748
-1.6748, 27.9121, 11.6883
-1.6570, 27.9223, 11.7088
-1.6391, 27.9323, 11.7293
-1.6213, 27.9473, 11.7526
-1.5946, 27.9680, 11.7864
-1.5842, 27.9731, 11.7979
-1.5753, 27.9882, 11.8155
-1.5486, 27.9982, 11.8440
-1.5310, 28.0083, 11.8643
-1.5134, 28.0182, 11.8845
-1.4959, 28.0280, 11.9045
-1.4784, 28.0378, 11.9246
-1.4610, 28.0476, 11.9446
-1.4436, 28.0574, 11.9645
-1.4262, 28.0751, 11.9893
-1.4145, 28.0800, 12.0020
-1.4058, 28.0849, 12.0120
-1.3970, 28.0948, 12.0253
-1.3796, 28.0997, 12.0433
-1.3710, 28.1146, 12.0605
-1.3449, 28.1195, 12.0871
-1.3362, 28.1293, 12.1002
-1.3188, 28.1393, 12.1203
-1.3013, 28.1492, 12.1404
-1.2838, 28.1642, 12.1634
-1.2576, 28.1799, 12.1940
-1.2414, 28.1950, 12.2161
-1.2151, 28.2000, 12.2429
-1.2063, 28.2100, 12.2562
-1.1887, 28.2150, 12.2745
-1.1800, 28.2200, 12.2845
-1.1711, 28.2249, 12.2947
-1.1623, 28.2299, 12.3048
-1.1535, 28.2399, 12.3181
-1.1357, 28.2448, 12.3366
-1.1268, 28.2548, 12.3500
-1.1089, 28.2648, 12.3705
-1.0910, 28.2750, 12.3911
-1.0730, 28.2902, 12.4147
-1.0577, 28.3004, 12.4330
-1.0396, 28.3106, 12.4538
-1.0216, 28.3260, 12.4775
-0.9944, 28.3364, 12.5066
-0.9762, 28.3467, 12.5275
-0.9579, 28.3572, 12.5486
-0.9395, 28.3677, 12.5698
-0.9210, 28.3782, 12.5911
-0.9025, 28.3888, 12.6124
-0.8839, 28.4107, 12.6411
-0.8599, 28.4269, 12.6701
-0.8317, 28.4323, 12.6988
-0.8223, 28.4486, 12.7176
-0.7939, 28.4541, 12.7466
-0.7844, 28.4650, 12.7610
-0.7654, 28.4759, 12.7829
-0.7463, 28.4922, 12.8080
-0.7176, 28.5031, 12.8387
-0.6984, 28.5140, 12.8608
-0.6792, 28.5328, 12.8877
-0.6685, 28.5383, 12.8997
-0.6588, 28.5438, 12.9109
-0.6492, 28.5547, 12.9254
-0.6299, 28.5767, 12.9547
-0.5914, 28.5821, 12.9935
-0.5818, 28.5876, 13.0046
-0.5722, 28.5930, 13.0156
-0.5625, 28.6040, 13.0303
-0.5433, 28.6151, 13.0525
-0.5240, 28.6261, 13.0747
-0.5047, 28.6371, 13.0969
-0.4854, 28.6580, 13.1253
-0.4748, 28.6691, 13.1407
-0.4555, 28.6802, 13.1629
-0.4363, 28.6858, 13.1829
-0.4266, 28.6914, 13.1941
-0.4170, 28.7082, 13.2135
-0.3881, 28.7193, 13.2445
-0.3689, 28.7305, 13.2667
-0.3496, 28.7416, 13.2889
-0.3303, 28.7527, 13.3112
-0.3109, 28.7638, 13.3336
-0.2916, 28.7926, 13.3682
-0.2748, 28.8038, 13.3884
-0.2554, 28.8150, 13.4108
-0.2360, 28.8263, 13.4333
-0.2166, 28.8375, 13.4557
-0.1971, 28.8488, 13.4782
-0.1777, 28.8658, 13.5040
-0.1484, 28.8771, 13.5354
-0.1289, 28.8883, 13.5579
-0.1094, 28.9143, 13.5904
-0.0893, 28.9200, 13.6113
-0.0796, 28.9315, 13.6263
-0.0601, 28.9430, 13.6490
-0.0404, 28.9546, 13.6718
-0.0207, 28.9604, 13.6924
-0.0109, 28.9720, 13.7076
0.0090, 28.9838, 13.7307
0.0289, 29.0014, 13.7573
0.0588, 29.0073, 13.7877
0.0687, 29.0191, 13.8031
0.0888, 29.0396, 13.8318
0.0988, 29.0515, 13.8474
0.1188, 29.0635, 13.8707
0.1389, 29.0754, 13.8941
0.1590, 29.0813, 13.9150
0.1691, 29.0933, 13.9307
0.1893, 29.0992, 13.9517
0.1994, 29.1052, 13.9635
0.2096, 29.1172, 13.9792
0.2299, 29.1291, 14.0028
0.2502, 29.1530, 14.0341
0.2906, 29.1589, 14.0750
0.3007, 29.1867, 14.1045
0.3219, 29.1928, 14.1266
0.3320, 29.2048, 14.1423
0.3521, 29.2167, 14.1656
0.3721, 29.2286, 14.1889
0.3921, 29.2524, 14.2200
0.4320, 29.2583, 14.2603
0.4419, 29.2641, 14.2718
0.4518, 29.2701, 14.2834
0.4618, 29.2760, 14.2950
0.4717, 29.2936, 14.3152
0.5013, 29.3057, 14.3472
0.5207, 29.3174, 14.3698
0.5405, 29.3290, 14.3928
0.5602, 29.3407, 14.4157
0.5797, 29.3579, 14.4417
0.6089, 29.3636, 14.4714
0.6186, 29.3862, 14.4960
0.6572, 29.3918, 14.5350
0.6669, 29.4030, 14.5499
0.6862, 29.4141, 14.5721
0.7054, 29.4271, 14.5953
0.7190, 29.4382, 14.6129
0.7383, 29.4493, 14.6351
0.7574, 29.4714, 14.6643
0.7957, 29.4824, 14.7042
0.8148, 29.4879, 14.7241
0.8243, 29.4988, 14.7385
0.8432, 29.5096, 14.7603
0.8620, 29.5205, 14.7820
0.8808, 29.5260, 14.8016
0.8901, 29.5369, 14.8159
0.9089, 29.5535, 14.8410
0.9231, 29.5645, 14.8590
0.9420, 29.5754, 14.8808
0.9608, 29.5863, 14.9025
0.9796, 29.5972, 14.9243
0.9984, 29.6081, 14.9460
1.0173, 29.6190, 14.9678
1.0361, 29.6406, 14.9964
1.0738, 29.6461, 15.0345
1.0831, 29.6614, 15.0524
1.0976, 29.6723, 15.0706
1.1163, 29.6830, 15.0921
1.1350, 29.6937, 15.1137
1.1536, 29.6991, 15.1330
1.1629, 29.7150, 15.1515
1.1907, 29.7203, 15.1798
1.2000, 29.7308, 15.1938
1.2187, 29.7413, 15.2152
1.2372, 29.7518, 15.2365
1.2558, 29.7622, 15.2578
1.2743, 29.7725, 15.2790
1.2927, 29.7894, 15.3040
1.3058, 29.7947, 15.3181
1.3150, 29.8051, 15.3320
1.3333, 29.8157, 15.3531
1.3516, 29.8262, 15.3742
1.3699, 29.8368, 15.3954
1.3883, 29.8474, 15.4166
1.4067, 29.8527, 15.4358
1.4159, 29.8580, 15.4464
1.4252, 29.8686, 15.4605
1.4437, 29.8792, 15.4818
1.4623, 29.9032, 15.5122
1.4839, 29.9086, 15.5344
1.4932, 29.9245, 15.5529
1.5210, 29.9402, 15.5848
1.5486, 29.9455, 15.6129
1.5578, 29.9558, 15.6267
1.5761, 29.9661, 15.6477
1.5943, 29.9863, 15.6749
1.6303, 29.9913, 15.7112
1.6392, 30.0013, 15.7246
1.6571, 30.0178, 15.7490
1.6669, 30.0227, 15.7599
1.6757, 30.0278, 15.7701
1.6846, 30.0379, 15.7836
1.7023, 30.0479, 15.8039
1.7201, 30.0580, 15.8244
1.7377, 30.0731, 15.8475
1.7642, 30.0831, 15.8759
1.7818, 30.0932, 15.8962
1.7993, 30.1031, 15.9163
1.8167, 30.1195, 15.9402
1.8238, 30.1294, 15.9524
1.8410, 30.1392, 15.9722
1.8583, 30.1587, 15.9982
1.8928, 30.1636, 16.0331
1.9014, 30.1734, 16.0461
1.9186, 30.1831, 16.0659
1.9357, 30.1928, 16.0855
1.9528, 30.2073, 16.1079
1.9783, 30.2120, 16.1339
1.9867, 30.2214, 16.1465
2.0035, 30.2405, 16.1719
2.0118, 30.2452, 16.1814
2.0201, 30.2546, 16.1940
2.0368, 30.2638, 16.2130
2.0534, 30.2731, 16.2321
2.0700, 30.2824, 16.2511
2.0866, 30.2917, 16.2701
2.1033, 30.3056, 16.2919
2.1282, 30.3148, 16.3184
2.1449, 30.3241, 16.3375
2.1614, 30.3334, 16.3565
2.1779, 30.3489, 16.3791
2.1867, 30.3581, 16.3918
2.2030, 30.3673, 16.4105
2.2192, 30.3810, 16.4318
2.2434, 30.3900, 16.4576
2.2595, 30.3990, 16.4760
2.2756, 30.4080, 16.4945
2.2919, 30.4171, 16.5131
2.3082, 30.4262, 16.5318
2.3247, 30.4414, 16.5542
2.3318, 30.4460, 16.5627
2.3399, 30.4507, 16.5721
2.3481, 30.4599, 16.5844
2.3646, 30.4691, 16.6033
2.3809, 30.4783, 16.6220
2.3973, 30.4829, 16.6390
2.4055, 30.4920, 16.6513
2.4218, 30.5058, 16.6726
2.4465, 30.5105, 16.6978
2.4548, 30.5244, 16.7140
2.4797, 30.5338, 16.7406
2.4964, 30.5497, 16.7636
2.5045, 30.5546, 16.7731
2.5129, 30.5594, 16.7828
2.5213, 30.5690, 16.7955
2.5380, 30.5785, 16.8148
2.5546, 30.5880, 16.8339
2.5712, 30.5975, 16.8530
2.5878, 30.6069, 16.8721
2.6043, 30.6211, 16.8939
2.6290, 30.6306, 16.9203
2.6456, 30.6541, 16.9491
2.6626, 30.6589, 16.9668
2.6710, 30.6685, 16.9795
2.6877, 30.6782, 16.9988
2.7046, 30.6877, 17.0182
2.7215, 30.6973, 17.0376
2.7384, 30.7116, 17.0598
2.7637, 30.7211, 17.0868
2.7805, 30.7306, 17.1061
2.7972, 30.7353, 17.1235
2.8056, 30.7401, 17.1331
2.8140, 30.7592, 17.1540
2.8237, 30.7640, 17.1648
2.8322, 30.7688, 17.1746
2.8406, 30.7785, 17.1874
2.8574, 30.7930, 17.2096
2.8825, 30.8027, 17.2365
2.8993, 30.8170, 17.2586
2.9242, 30.8217, 17.2839
2.9324, 30.8312, 17.2965
2.9488, 30.8405, 17.3153
2.9651, 30.8546, 17.3369
2.9896, 30.8639, 17.3631
3.0058, 30.8792, 17.3854
3.0139, 30.8839, 17.3947
3.0221, 30.8886, 17.4042
3.0303, 30.8981, 17.4167
3.0466, 30.9075, 17.4355
3.0630, 30.9169, 17.4544
3.0793, 30.9263, 17.4733
3.0957, 30.9310, 17.4903
3.1039, 30.9356, 17.4997
3.1120, 30.9448, 17.5120
3.1283, 30.9541, 17.5308
3.1446, 30.9587, 17.5477
3.1527, 30.9737, 17.5647
3.1608, 30.9784, 17.5741
3.1690, 30.9831, 17.5836
3.1772, 30.9924, 17.5959
3.1935, 31.0018, 17.6148
3.2099, 31.0111, 17.6336
3.2262, 31.0204, 17.6524
3.2425, 31.0297, 17.6712
3.2588, 31.0344, 17.6881
3.2669, 31.0436, 17.7004
3.2831, 31.0529, 17.7191
3.2993, 31.0621, 17.7377
3.3153, 31.0771, 17.7596
3.3222, 31.0818, 17.7680
3.3302, 31.0865, 17.7772
3.3382, 31.1051, 17.7975
3.3702, 31.1098, 17.8298
3.3782, 31.1145, 17.8391
3.3863, 31.1191, 17.8484
3.3943, 31.1284, 17.8607
3.4104, 31.1378, 17.8793
3.4265, 31.1471, 17.8979
3.4426, 31.1564, 17.9165
3.4588, 31.1610, 17.9334
3.4668, 31.1656, 17.9426
3.4748, 31.1941, 17.9722
3.4999, 31.1987, 17.9977
3.5078, 31.2079, 18.0098
3.5237, 31.2216, 18.0308
3.5474, 31.2262, 18.0550
3.5553, 31.2353, 18.0670
3.5712, 31.2535, 18.0912
3.6029, 31.2580, 18.1232
3.6108, 31.2669, 18.1351
3.6265, 31.2830, 18.1576
3.6349, 31.2875, 18.1671
3.6427, 31.2920, 18.1761
3.6505, 31.3009, 18.1880
3.6659, 31.3098, 18.2057
3.6812, 31.3186, 18.2234
3.6965, 31.3361, 18.2466
3.7271, 31.3405, 18.2776
3.7348, 31.3492, 18.2892
3.7502, 31.3624, 18.3095
3.7734, 31.3668, 18.3331
3.7811, 31.3757, 18.3448
3.7966, 31.3801, 18.3610
3.8043, 31.3993, 18.3816
3.8212, 31.4038, 18.3991
3.8290, 31.4127, 18.4110
3.8444, 31.4172, 18.4270
3.8521, 31.4218, 18.4360
3.8599, 31.4308, 18.4479
3.8754, 31.4400, 18.4659
3.8910, 31.4491, 18.4840
3.9066, 31.4584, 18.5021
3.9222, 31.4676, 18.5202
3.9378, 31.4767, 18.5383
3.9536, 31.5064, 18.5719
3.9748, 31.5110, 18.5936
3.9827, 31.5201, 18.6057
3.9983, 31.5292, 18.6237
4.0140, 31.5383, 18.6419
4.0297, 31.5474, 18.6600
4.0454, 31.5565, 18.6782
4.0611, 31.5703, 18.6991
4.0847, 31.5794, 18.7244
4.1004, 31.6020, 18.7519
4.1138, 31.6111, 18.7681
4.1294, 31.6156, 18.7843
4.1371, 31.6293, 18.8001
4.1604, 31.6383, 18.8250
4.1759, 31.6474, 18.8430
4.1915, 31.6565, 18.8611
4.2071, 31.6657, 18.8792
4.2227, 31.6749, 18.8973
4.2382, 31.6841, 18.9153
4.2538, 31.7062, 18.9424
4.2663, 31.7108, 18.9557
4.2741, 31.7295, 18.9759
4.3051, 31.7342, 19.0073
4.3129, 31.7389, 19.0164
4.3206, 31.7435, 19.0254
4.3284, 31.7528, 19.0375
4.3439, 31.7620, 19.0555
4.3593, 31.7712, 19.0735
4.3749, 31.7849, 19.0942
4.3981, 31.7895, 19.1179
4.4058, 31.8071, 19.1371
4.4143, 31.8117, 19.1468
4.4220, 31.8163, 19.1557
4.4297, 31.8209, 19.1647
4.4374, 31.8300, 19.1766
4.4527, 31.8392, 19.1945
4.4680, 31.8482, 19.2122
4.4831, 31.8661, 19.2356
4.5135, 31.8706, 19.2664
4.5211, 31.8837, 19.2815
4.5437, 31.8881, 19.3045
4.5512, 31.8968, 19.3160
4.5662, 31.9182, 19.3422
4.5810, 31.9226, 19.3576
4.5884, 31.9403, 19.3768
4.6183, 31.9447, 19.4070
4.6258, 31.9580, 19.4223
4.6483, 31.9624, 19.4452
4.6558, 31.9713, 19.4568
4.6707, 31.9757, 19.4724
4.6782, 31.9801, 19.4811
4.6855, 31.9889, 19.4925
4.7003, 31.9978, 19.5098
4.7151, 32.0135, 19.5314
4.7247, 32.0224, 19.5444
4.7394, 32.0269, 19.5598
4.7468, 32.0314, 19.5685
4.7541, 32.0448, 19.5837
4.7762, 32.0536, 19.6075
4.7908, 32.0625, 19.6246
4.8056, 32.0713, 19.6418
4.8202, 32.0801, 19.6589
4.8349, 32.0888, 19.6760
4.8494, 32.1089, 19.7008
4.8661, 32.1175, 19.7195
4.8806, 32.1261, 19.7364
4.8951, 32.1346, 19.7532
4.9097, 32.1389, 19.7684
4.9170, 32.1432, 19.7769
4.9243, 32.1519, 19.7883
4.9390, 32.1563, 19.8036
4.9463, 32.1607, 19.8121
4.9538, 32.1783, 19.8313
4.9833, 32.1871, 19.8620
4.9980, 32.1915, 19.8774
5.0054, 32.2126, 19.8997
5.0199, 32.2170, 19.9149
5.0273, 32.2261, 19.9266
5.0421, 32.2352, 19.9440
5.0570, 32.2444, 19.9615
5.0721, 32.2536, 19.9792
5.0872, 32.2583, 19.9950
5.0948, 32.2677, 20.0071
5.1102, 32.2771, 20.0251
5.1256, 32.2865, 20.0432
5.1410, 32.2960, 20.0613
5.1565, 32.3109, 20.0828
5.1667, 32.3205, 20.0968
5.1823, 32.3349, 20.1180
5.2057, 32.3445, 20.1433
5.2214, 32.3542, 20.1618
5.2372, 32.3638, 20.1803
5.2530, 32.3735, 20.1988
5.2689, 32.3928, 20.2238
5.3008, 32.3976, 20.2561
5.3088, 32.4072, 20.2686
5.3248, 32.4287, 20.2954
5.3467, 32.4386, 20.3194
5.3629, 32.4435, 20.3363
5.3710, 32.4533, 20.3490
5.3870, 32.4632, 20.3678
5.4031, 32.4781, 20.3898
5.4272, 32.4879, 20.4158
5.4432, 32.5027, 20.4376
5.4673, 32.5076, 20.4622
5.4754, 32.5176, 20.4751
5.4915, 32.5350, 20.4988
5.5023, 32.5450, 20.5135
5.5184, 32.5550, 20.5324
5.5344, 32.5651, 20.5514
5.5505, 32.5750, 20.5703
5.5665, 32.5851, 20.5892
5.5827, 32.5951, 20.6082
5.5989, 32.6002, 20.6252
5.6070, 32.6103, 20.6381
5.6233, 32.6204, 20.6573
5.6396, 32.6304, 20.6764
5.6559, 32.6468, 20.6996
5.6703, 32.6570, 20.7172
5.6867, 32.6720, 20.7394
5.7112, 32.6871, 20.7682
5.7357, 32.6921, 20.7932
5.7439, 32.7021, 20.8061
5.7603, 32.7123, 20.8255
5.7768, 32.7224, 20.8448
5.7932, 32.7325, 20.8641
5.8098, 32.7375, 20.8814
5.8181, 32.7575, 20.9031
5.8403, 32.7626, 20.9258
5.8486, 32.7727, 20.9389
5.8651, 32.7828, 20.9583
5.8817, 32.7929, 20.9777
5.8981, 32.8031, 20.9970
5.9145, 32.8234, 21.0231
5.9474, 32.8284, 21.0564
5.9557, 32.8385, 21.0694
5.9720, 32.8486, 21.0886
5.9884, 32.8699, 21.1155
6.0088, 32.8749, 21.1365
6.0169, 32.8849, 21.1494
6.0331, 32.8949, 21.1684
6.0492, 32.9048, 21.1873
6.0653, 32.9096, 21.2041
6.0732, 32.9241, 21.2206
6.0969, 32.9289, 21.2448
6.1048, 32.9384, 21.2572
6.1205, 32.9526, 21.2783
6.1440, 32.9573, 21.3023
6.1518, 32.9667, 21.3145
6.1674, 32.9815, 21.3360
6.1766, 32.9862, 21.3464
6.1844, 32.9957, 21.3586
6.1998, 33.0051, 21.3767
6.2152, 33.0145, 21.3947
6.2305, 33.0238, 21.4126
6.2457, 33.0375, 21.4331
6.2684, 33.0420, 21.4562
6.2760, 33.0511, 21.4681
6.2910, 33.0601, 21.4856
6.3059, 33.0740, 21.5060
6.3116, 33.0832, 21.5168
6.3264, 33.0877, 21.5323
6.3338, 33.0968, 21.5440
6.3485, 33.1058, 21.5612
6.3633, 33.1147, 21.5785
6.3780, 33.1281, 21.5984
6.4001, 33.1325, 21.6209
6.4074, 33.1457, 21.6360
6.4293, 33.1546, 21.6596
6.4437, 33.1721, 21.6823
6.4556, 33.1809, 21.6971
6.4699, 33.1854, 21.7121
6.4770, 33.1942, 21.7234
6.4913, 33.2030, 21.7402
6.5055, 33.2116, 21.7568
6.5198, 33.2203, 21.7735
6.5340, 33.2289, 21.7901
6.5482, 33.2332, 21.8050
6.5553, 33.2418, 21.8161
6.5694, 33.2503, 21.8326
6.5834, 33.2634, 21.8518
6.5892, 33.2677, 21.8590
6.5961, 33.2719, 21.8671
6.6030, 33.2888, 21.8853
6.6305, 33.2930, 21.9131
6.6374, 33.3014, 21.9240
6.6511, 33.3097, 21.9400
6.6648, 33.3179, 21.9560
6.6784, 33.3260, 21.9718
6.6920, 33.3342, 21.9877
6.7056, 33.3423, 22.0035
6.7192, 33.3463, 22.0177
6.7259, 33.3574, 22.0307
6.7340, 33.3614, 22.0397
6.7407, 33.3694, 22.0501
6.7540, 33.3735, 22.0641
6.7607, 33.3814, 22.0744
6.7738, 33.3893, 22.0897
6.7869, 33.3971, 22.1050
6.7999, 33.4049, 22.1201
6.8129, 33.4088, 22.1337
6.8193, 33.4165, 22.1437
6.8321, 33.4242, 22.1586
6.8449, 33.4319, 22.1736
6.8576, 33.4396, 22.1884
6.8702, 33.4521, 22.2062
6.8772, 33.4674, 22.2230
6.9023, 33.4712, 22.2484
6.9085, 33.4786, 22.2580
6.9209, 33.4860, 22.2725
6.9333, 33.4969, 22.2890
6.9518, 33.5005, 22.3078
6.9579, 33.5077, 22.3173
6.9701, 33.5148, 22.3314
6.9822, 33.5372, 22.3568
6.9826, 33.5408, 22.3605
6.9887, 33.5445, 22.3676
6.9947, 33.5592, 22.3835
7.0189, 33.5666, 22.4088
7.0311, 33.5703, 22.4215
7.0373, 33.5778, 22.4313
7.0496, 33.5853, 22.4457
7.0619, 33.5928, 22.4601
7.0743, 33.6003, 22.4746
7.0867, 33.6079, 22.4891
7.0991, 33.6117, 22.5021
7.1054, 33.6305, 22.5219
7.1093, 33.6344, 22.5274
7.1156, 33.6383, 22.5348
7.1219, 33.6463, 22.5450
7.1345, 33.6543, 22.5599
7.1473, 33.6624, 22.5751
7.1602, 33.6705, 22.5903
7.1732, 33.6787, 22.6057
7.1862, 33.6911, 22.6237
7.2060, 33.6994, 22.6451
7.2193, 33.7159, 22.6663
7.2259, 33.7201, 22.6741
7.2326, 33.7244, 22.6821
7.2393, 33.7329, 22.6929
7.2528, 33.7414, 22.7089
7.2664, 33.7586, 22.7308
7.2937, 33.7629, 22.7584
7.3005, 33.7716, 22.7695
7.3143, 33.7803, 22.7858
7.3282, 33.7890, 22.8022
7.3422, 33.7979, 22.8188
7.3563, 33.8023, 22.8336
7.3635, 33.8195, 22.8522
7.3697, 33.8240, 22.8599
7.3769, 33.8376, 22.8753
7.3982, 33.8467, 22.8984
7.4127, 33.8558, 22.9155
7.4271, 33.8650, 22.9326
7.4416, 33.8743, 22.9499
7.4561, 33.8836, 22.9671
7.4707, 33.8929, 22.9844
7.4853, 33.8976, 22.9997
7.4927, 33.9070, 23.0117
7.5075, 33.9165, 23.0293
7.5223, 33.9293, 23.0488
7.5342, 33.9389, 23.0641
7.5491, 33.9485, 23.0819
7.5642, 33.9581, 23.0998
7.5793, 33.9678, 23.1177
7.5944, 33.9726, 23.1335
7.6020, 33.9823, 23.1459
7.6171, 33.9872, 23.1617
7.6248, 34.0018, 23.1782
7.6478, 34.0116, 23.2032
7.6633, 34.0228, 23.2224
7.6758, 34.0328, 23.2384
7.6914, 34.0429, 23.2570
7.7071, 34.0530, 23.2756
7.7227, 34.0581, 23.2920
7.7306, 34.0632, 23.3014
7.7384, 34.0835, 23.3232
7.7699, 34.0886, 23.3551
7.7778, 34.0989, 23.3681
7.7937, 34.1091, 23.3870
7.8097, 34.1195, 23.4061
7.8259, 34.1295, 23.4251
7.8402, 34.1400, 23.4428
7.8566, 34.1505, 23.4623
7.8730, 34.1558, 23.4795
7.8813, 34.1665, 23.4931
7.8978, 34.1719, 23.5104
7.9060, 34.1826, 23.5239
7.9226, 34.1879, 23.5414
7.9309, 34.1986, 23.5549
7.9475, 34.2093, 23.5746
7.9640, 34.2201, 23.5944
7.9807, 34.2365, 23.6178
8.0011, 34.2419, 23.6389
8.0095, 34.2473, 23.6489
8.0179, 34.2527, 23.6588
8.0264, 34.2582, 23.6690
8.0348, 34.2691, 23.6827
8.0519, 34.2801, 23.7031
8.0689, 34.2911, 23.7233
8.0859, 34.3129, 23.7510
8.1200, 34.3184, 23.7855
8.1284, 34.3293, 23.7993
8.1454, 34.3400, 23.8193
8.1624, 34.3505, 23.8393
8.1744, 34.3559, 23.8525
8.1829, 34.3614, 23.8626
8.1914, 34.3722, 23.8764
8.2085, 34.3831, 23.8966
8.2256, 34.3939, 23.9169
8.2427, 34.3993, 23.9348
8.2511, 34.4101, 23.9485
8.2680, 34.4208, 23.9685
8.2849, 34.4316, 23.9885
8.3018, 34.4423, 24.0085
8.3185, 34.4530, 24.0284
8.3353, 34.4688, 24.0514
8.3605, 34.4809, 24.0794
8.3731, 34.4861, 24.0930
8.3814, 34.4914, 24.1029
8.3898, 34.5018, 24.1162
8.4065, 34.5123, 24.1360
8.4231, 34.5226, 24.1555
8.4396, 34.5382, 24.1782
8.4642, 34.5434, 24.2033
8.4724, 34.5537, 24.2165
8.4887, 34.5640, 24.2358
8.5049, 34.5742, 24.2549
8.5211, 34.5837, 24.2737
8.5295, 34.5888, 24.2835
8.5376, 34.5989, 24.2965
8.5536, 34.6091, 24.3155
8.5697, 34.6244, 24.3377
8.5938, 34.6295, 24.3623
8.6018, 34.6397, 24.3753
8.6178, 34.6497, 24.3941
8.6337, 34.6597, 24.4129
8.6497, 34.6647, 24.4297
8.6576, 34.6747, 24.4424
8.6735, 34.6857, 24.4618
8.6927, 34.6906, 24.4816
8.7007, 34.7005, 24.4943
8.7166, 34.7104, 24.5130
8.7324, 34.7203, 24.5317
8.7483, 34.7352, 24.5535
8.7720, 34.7451, 24.5792
8.7877, 34.7550, 24.5977
8.8034, 34.7647, 24.6162
8.8189, 34.7745, 24.6345
8.8344, 34.7829, 24.6521
8.8448, 34.7877, 24.6636
8.8526, 34.8023, 24.6801
8.8759, 34.8120, 24.7054
8.8916, 34.8168, 24.7218
8.8995, 34.8263, 24.7342
8.9152, 34.8358, 24.7525
8.9310, 34.8453, 24.7709
8.9468, 34.8547, 24.7893
8.9625, 34.8689, 24.8105
8.9858, 34.8784, 24.8357
8.9945, 34.8879, 24.8485
9.0099, 34.8926, 24.8646
9.0177, 34.8973, 24.8738
9.0254, 34.9067, 24.8859
9.0408, 34.9163, 24.9041
9.0563, 34.9353, 24.9286
9.0874, 34.9400, 24.9600
9.0952, 34.9496, 24.9724
9.1108, 34.9591, 24.9907
9.1264, 34.9685, 25.0089
9.1419, 34.9778, 25.0269
9.1575, 34.9845, 25.0439
9.1681, 35.0031, 25.0653
9.1994, 35.0078, 25.0970
9.2072, 35.0172, 25.1092
9.2229, 35.0315, 25.1304
9.2467, 35.0361, 25.1547
9.2546, 35.0504, 25.1710
9.2784, 35.0551, 25.1953
9.2863, 35.0646, 25.2076
9.3022, 35.0746, 25.2264
9.3097, 35.0841, 25.2385
9.3255, 35.0936, 25.2570
9.3414, 35.1080, 25.2784
9.3653, 35.1175, 25.3041
9.3814, 35.1271, 25.3229
9.3977, 35.1318, 25.3398
9.4059, 35.1366, 25.3493
9.4141, 35.1462, 25.3620
9.4307, 35.1558, 25.3811
9.4473, 35.1654, 25.4003
9.4639, 35.1853, 25.4262
9.4875, 35.1902, 25.4503
9.4959, 35.1999, 25.4632
9.5123, 35.2097, 25.4823
9.5290, 35.2196, 25.5017
9.5456, 35.2295, 25.5210
9.5624, 35.2495, 25.5471
9.5961, 35.2545, 25.5812
9.6045, 35.2596, 25.5910
9.6129, 35.2647, 25.6008
9.6214, 35.2747, 25.6140
9.6383, 35.2874, 25.6351
9.6445, 35.2976, 25.6471
9.6616, 35.3078, 25.6670
9.6786, 35.3180, 25.6868
9.6958, 35.3336, 25.7100
9.7218, 35.3439, 25.7380
9.7391, 35.3595, 25.7613
9.7654, 35.3648, 25.7881
9.7743, 35.3753, 25.8019
9.7921, 35.3857, 25.8225
9.8100, 35.4004, 25.8456
9.8283, 35.4057, 25.8647
9.8373, 35.4111, 25.8752
9.8463, 35.4215, 25.8889
9.8643, 35.4320, 25.9098
9.8823, 35.4477, 25.9337
9.9091, 35.4530, 25.9610
9.9181, 35.4634, 25.9747
9.9361, 35.4791, 25.9986
9.9630, 35.4897, 26.0275
9.9812, 35.5002, 26.0485
9.9993, 35.5157, 26.0724
10.0169, 35.5210, 26.0908
10.0259, 35.5320, 26.1050
10.0442, 35.5428, 26.1262
10.0623, 35.5536, 26.1473
10.0805, 35.5699, 26.1717
10.1077, 35.5806, 26.2010
10.1257, 35.5915, 26.2220
10.1439, 35.6022, 26.2431
10.1620, 35.6129, 26.2641
10.1803, 35.6204, 26.2839
10.1891, 35.6258, 26.2942
10.1983, 35.6312, 26.3049
10.2075, 35.6420, 26.3191
10.2259, 35.6638, 26.3476
10.2628, 35.6692, 26.3849
10.2721, 35.6800, 26.3992
10.2905, 35.6907, 26.4205
10.3090, 35.7014, 26.4418
10.3274, 35.7120, 26.4631
10.3457, 35.7227, 26.4843
10.3640, 35.7322, 26.5049
10.3704, 35.7428, 26.5173
10.3886, 35.7588, 26.5415
10.4160, 35.7696, 26.5709
10.4344, 35.7803, 26.5922
10.4528, 35.7910, 26.6135
10.4712, 35.8017, 26.6348
10.4896, 35.8232, 26.6631
10.5264, 35.8285, 26.7003
10.5355, 35.8391, 26.7142
10.5426, 35.8498, 26.7271
10.5608, 35.8658, 26.7513
10.5881, 35.8711, 26.7791
10.5972, 35.8817, 26.7931
10.6153, 35.8922, 26.8140
10.6334, 35.9028, 26.8350
10.6515, 35.9080, 26.8538
10.6606, 35.9186, 26.8678
10.6787, 35.9292, 26.8888
10.6967, 35.9398, 26.9097
10.7148, 35.9511, 26.9310
10.7240, 35.9617, 26.9450
10.7421, 35.9828, 26.9728
10.7782, 35.9934, 27.0105
10.7963, 35.9987, 27.0293
10.8054, 36.0092, 27.0432
10.8235, 36.0198, 27.0642
10.8418, 36.0302, 27.0852
10.8600, 36.0408, 27.1063
10.8784, 36.0564, 27.1304
10.9059, 36.0674, 27.1600
10.9159, 36.0727, 27.1714
10.9251, 36.0780, 27.1820
10.9343, 36.0885, 27.1959
10.9526, 36.0990, 27.2170
10.9710, 36.1095, 27.2382
10.9892, 36.1200, 27.2592
11.0075, 36.1304, 27.2803
11.0258, 36.1408, 27.3013
11.0441, 36.1566, 27.3255
11.0718, 36.1618, 27.3537
11.0809, 36.1836, 27.3773
11.1093, 36.1889, 27.4062
11.1186, 36.1996, 27.4204
11.1371, 36.2103, 27.4418
11.1555, 36.2210, 27.4630
11.1740, 36.2317, 27.4844
11.1924, 36.2478, 27.5089
11.2199, 36.2585, 27.5384
11.2382, 36.2692, 27.5596
11.2566, 36.2745, 27.5787
11.2658, 36.2797, 27.5893
11.2750, 36.2905, 27.6035
11.2848, 36.2958, 27.6146
11.2941, 36.3010, 27.6253
11.3034, 36.3063, 27.6360
11.3126, 36.3116, 27.6466
11.3220, 36.3325, 27.6695
11.3592, 36.3377, 27.7071
11.3685, 36.3481, 27.7210
11.3871, 36.3585, 27.7423
11.4056, 36.3689, 27.7636
11.4241, 36.3844, 27.7877
11.4515, 36.3964, 27.8176
11.4562, 36.4118, 27.8337
11.4835, 36.4169, 27.8615
11.4926, 36.4321, 27.8792
11.5198, 36.4372, 27.9069
11.5288, 36.4473, 27.9204
11.5469, 36.4574, 27.9411
11.5650, 36.4676, 27.9619
11.5831, 36.4778, 27.9827
11.6012, 36.4829, 28.0015
11.6102, 36.4931, 28.0151
11.6282, 36.5113, 28.0407
11.6419, 36.5165, 28.0553
11.6507, 36.5269, 28.0690
11.6686, 36.5372, 28.0896
11.6863, 36.5475, 28.1101
11.7041, 36.5628, 28.1336
11.7310, 36.5729, 28.1623
11.7489, 36.5831, 28.1829
11.7669, 36.5931, 28.2035
11.7849, 36.6032, 28.2241
11.8029, 36.6132, 28.2447
11.8209, 36.6265, 28.2671
11.8239, 36.6467, 28.2875
11.8597, 36.6568, 28.3247
11.8777, 36.6620, 28.3435
11.8867, 36.6721, 28.3570
11.9047, 36.6875, 28.3807
11.9319, 36.6927, 28.4084
11.9409, 36.6979, 28.4188
11.9500, 36.7081, 28.4324
11.9682, 36.7133, 28.4514
11.9773, 36.7273, 28.4681
11.9826, 36.7479, 28.4893
12.0186, 36.7529, 28.5257
12.0276, 36.7684, 28.5436
12.0545, 36.7735, 28.5710
12.0635, 36.7840, 28.5848
12.0816, 36.7944, 28.6057
12.0996, 36.8049, 28.6265
12.1177, 36.8259, 28.6542
12.1543, 36.8313, 28.6912
12.1634, 36.8415, 28.7049
12.1918, 36.8467, 28.7338
12.2010, 36.8571, 28.7477
12.2192, 36.8675, 28.7686
12.2374, 36.8829, 28.7925
12.2647, 36.8983, 28.8238
12.2922, 36.9034, 28.8518
12.3014, 36.9138, 28.8657
12.3197, 36.9241, 28.8867
12.3382, 36.9286, 28.9057
12.3559, 36.9337, 28.9241
12.3652, 36.9388, 28.9347
12.3745, 36.9491, 28.9486
12.3933, 36.9592, 28.9699
12.4119, 36.9792, 28.9973
12.4495, 36.9841, 29.0352
12.4588, 36.9941, 29.0488
12.4773, 37.0041, 29.0699
12.4959, 37.0141, 29.0910
12.5144, 37.0241, 29.1120
12.5328, 37.0291, 29.1311
12.5420, 37.0377, 29.1437
12.5569, 37.0427, 29.1594
12.5661, 37.0476, 29.1698
12.5753, 37.0576, 29.1834
12.5936, 37.0674, 29.2042
12.6118, 37.0773, 29.2249
12.6299, 37.0871, 29.2455
12.6480, 37.0968, 29.2660
12.6660, 37.1164, 29.2926
12.7020, 37.1213, 29.3289
12.7110, 37.1261, 29.3391
12.7200, 37.1309, 29.3493
12.7290, 37.1405, 29.3625
12.7469, 37.1508, 29.3831
12.7580, 37.1605, 29.3979
12.7759, 37.1701, 29.4182
12.7939, 37.1891, 29.4444
12.8297, 37.1987, 29.4814
12.8475, 37.2033, 29.4998
12.8564, 37.2080, 29.5099
12.8653, 37.2219, 29.5264
12.8919, 37.2311, 29.5545
12.9096, 37.2413, 29.5750
12.9205, 37.2505, 29.5892
12.9381, 37.2597, 29.6091
12.9558, 37.2691, 29.6291
12.9735, 37.2738, 29.6474
12.9824, 37.2831, 29.6603
13.0001, 37.2924, 29.6803
13.0177, 37.3017, 29.7002
13.0354, 37.3109, 29.7202
13.0531, 37.3201, 29.7401
13.0708, 37.3292, 29.7600
13.0885, 37.3485, 29.7862
13.1024, 37.3531, 29.8008
13.1112, 37.3714, 29.8212
13.1464, 37.3760, 29.8567
13.1552, 37.3852, 29.8694
13.1727, 37.3944, 29.8892
13.1903, 37.4083, 29.9116
13.2167, 37.4129, 29.9384
13.2255, 37.4223, 29.9513
13.2432, 37.4269, 29.9695
13.2520, 37.4432, 29.9881
13.2522, 37.4479, 29.9928
13.2610, 37.4571, 30.0055
13.2785, 37.4617, 30.0236
13.2873, 37.4709, 30.0363
13.3049, 37.4800, 30.0561
13.3224, 37.4984, 30.0815
13.3575, 37.5030, 30.1169
13.3664, 37.5121, 30.1297
13.3839, 37.5214, 30.1495
13.4015, 37.5305, 30.1693
13.4190, 37.5437, 30.1912
13.4211, 37.5529, 30.2007
13.4384, 37.5621, 30.2202
13.4557, 37.5803, 30.2454
13.4900, 37.5847, 30.2799
13.4986, 37.5937, 30.2924
13.5157, 37.6026, 30.3117
13.5328, 37.6114, 30.3309
13.5498, 37.6202, 30.3500
13.5668, 37.6333, 30.3715
13.5921, 37.6420, 30.3983
13.6087, 37.6536, 30.4185
13.6125, 37.6622, 30.4279
13.6289, 37.6665, 30.4449
13.6371, 37.6708, 30.4541
13.6453, 37.6794, 30.4660
13.6617, 37.6879, 30.4845
13.6780, 37.6964, 30.5029
13.6943, 37.7049, 30.5212
13.7106, 37.7134, 30.5396
13.7270, 37.7219, 30.5581
13.7434, 37.7303, 30.5765
13.7599, 37.7327, 30.5932
13.7594, 37.7369, 30.5974
13.7675, 37.7452, 30.6090
13.7838, 37.7535, 30.6273
13.7999, 37.7618, 30.6454
13.8160, 37.7700, 30.6635
13.8320, 37.7865, 30.6865
13.8642, 37.7906, 30.7189
13.8724, 37.7989, 30.7306
13.8887, 37.8070, 30.7488
13.9051, 37.8133, 30.7664
13.9072, 37.8215, 30.7748
13.9237, 37.8339, 30.7955
13.9485, 37.8381, 30.8206
13.9567, 37.8463, 30.8322
13.9731, 37.8504, 30.8491
13.9813, 37.8587, 30.8608
13.9976, 37.8670, 30.8791
14.0139, 37.8752, 30.8973
14.0303, 37.8877, 30.9180
14.0549, 37.8948, 30.9436
14.0585, 37.8990, 30.9491
14.0668, 37.9032, 30.9584
14.0750, 37.9116, 30.9701
14.0915, 37.9199, 30.9886
14.1081, 37.9283, 31.0072
14.1246, 37.9367, 31.0257
14.1413, 37.9451, 31.0444
14.1580, 37.9535, 31.0631
14.1748, 37.9660, 31.0841
14.2000, 37.9743, 31.1106
14.2167, 37.9859, 31.1309
14.2184, 37.9985, 31.1436
14.2434, 38.0027, 31.1690
14.2518, 38.0070, 31.1784
14.2601, 38.0112, 31.1877
14.2685, 38.0197, 31.1997
14.2852, 38.0324, 31.2207
14.3101, 38.0409, 31.2470
14.3269, 38.0452, 31.2643
14.3353, 38.0494, 31.2737
14.3436, 38.0579, 31.2856
14.3605, 38.0663, 31.3045
14.3772, 38.0748, 31.3232
14.3940, 38.0874, 31.3442
14.3933, 38.1044, 31.3612
14.4264, 38.1087, 31.3946
14.4347, 38.1173, 31.4065
14.4513, 38.1258, 31.4252
14.4678, 38.1342, 31.4437
14.4843, 38.1426, 31.4622
14.5008, 38.1509, 31.4807
14.5174, 38.1592, 31.4992
14.5339, 38.1772, 31.5237
14.5432, 38.1814, 31.5339
14.5513, 38.1978, 31.5522
14.5839, 38.2018, 31.5850
14.5920, 38.2099, 31.5965
14.6082, 38.2180, 31.6146
14.6243, 38.2261, 31.6326
14.6404, 38.2342, 31.6506
14.6565, 38.2505, 31.6735
14.6886, 38.2546, 31.7059
14.6967, 38.2688, 31.7222
14.6964, 38.2770, 31.7304
14.7124, 38.2852, 31.7484
14.7284, 38.2933, 31.7664
14.7444, 38.3014, 31.7843
14.7604, 38.3094, 31.8022
14.7764, 38.3175, 31.8201
14.7924, 38.3215, 31.8366
14.8004, 38.3296, 31.8480
14.8162, 38.3375, 31.8656
14.8320, 38.3455, 31.8834
14.8477, 38.3649, 31.9083
14.8562, 38.3690, 31.9178
14.8640, 38.3853, 31.9358
14.8950, 38.3894, 31.9671
14.9028, 38.3975, 31.9783
14.9184, 38.4055, 31.9959
14.9339, 38.4135, 32.0133
14.9495, 38.4213, 32.0308
14.9651, 38.4292, 32.0482
14.9807, 38.4408, 32.0677
15.0040, 38.4564, 32.0957
15.0047, 38.4643, 32.1037
15.0202, 38.4724, 32.1211
15.0359, 38.4805, 32.1388
15.0515, 38.4888, 32.1565
15.0673, 38.4970, 32.1743
15.0832, 38.5053, 32.1922
15.0991, 38.5177, 32.2124
15.1229, 38.5261, 32.2376
15.1389, 38.5344, 32.2556
15.1549, 38.5509, 32.2786
15.1542, 38.5550, 32.2828
15.1621, 38.5592, 32.2917
15.1701, 38.5675, 32.3033
15.1862, 38.5759, 32.3214
15.2022, 38.5843, 32.3395
15.2184, 38.5884, 32.3562
15.2265, 38.5968, 32.3679
15.2427, 38.6053, 32.3862
15.2589, 38.6180, 32.4067
15.2832, 38.6223, 32.4314
15.2914, 38.6308, 32.4432
15.3076, 38.6600, 32.4766
15.3093, 38.6687, 32.4855
15.3255, 38.6818, 32.5063
15.3497, 38.6861, 32.5309
15.3577, 38.6948, 32.5427
15.3738, 38.6992, 32.5594
15.3819, 38.7079, 32.5713
15.3980, 38.7167, 32.5897
15.4141, 38.7254, 32.6080
15.4303, 38.7342, 32.6264
15.4464, 38.7430, 32.6447
15.4626, 38.7688, 32.6752
15.4627, 38.7869, 32.6933
15.4949, 38.7915, 32.7258
15.5029, 38.7959, 32.7350
15.5110, 38.8004, 32.7442
15.5190, 38.8095, 32.7563
15.5352, 38.8185, 32.7749
15.5514, 38.8275, 32.7934
15.5676, 38.8454, 32.8175
15.6003, 38.8500, 32.8506
15.6084, 38.8727, 32.8747
15.6106, 38.8774, 32.8799
15.6189, 38.8820, 32.8894
15.6272, 38.8913, 32.9018
15.6438, 38.9006, 32.9208
15.6604, 38.9100, 32.9399
15.6770, 38.9240, 32.9616
15.7019, 38.9334, 32.9883
15.7185, 38.9428, 33.0073
15.7349, 38.9523, 33.0263
15.7515, 38.9618, 33.0454
15.7681, 38.9832, 33.0725
15.7705, 38.9928, 33.0824
15.7870, 39.0025, 33.1015
15.8037, 39.0122, 33.1208
15.8203, 39.0171, 33.1381
15.8286, 39.0267, 33.1508
15.8451, 39.0364, 33.1700
15.8616, 39.0460, 33.1891
15.8780, 39.0556, 33.2081
15.8943, 39.0650, 33.2269
15.9104, 39.0744, 33.2455
15.9267, 39.0791, 33.2625
15.9348, 39.0987, 33.2837
15.9414, 39.1035, 33.2919
15.9495, 39.1129, 33.3043
15.9656, 39.1176, 33.3210
15.9737, 39.1271, 33.3335
15.9898, 39.1365, 33.3522
16.0059, 39.1553, 33.3769
16.0378, 39.1600, 33.4092
16.0458, 39.1646, 33.4184
16.0537, 39.1737, 33.4304
16.0694, 39.1783, 33.4468
16.0772, 39.1828, 33.4558
16.0850, 39.2114, 33.4855
16.1072, 39.2159, 33.5081
16.1149, 39.2251, 33.5201
16.1303, 39.2341, 33.5379
16.1457, 39.2432, 33.5558
16.1611, 39.2522, 33.5737
16.1765, 39.2657, 33.5941
16.1994, 39.2748, 33.6188
16.2147, 39.2836, 33.6364
16.2297, 39.2925, 33.6539
16.2447, 39.3154, 33.6813
16.2562, 39.3199, 33.6936
16.2636, 39.3289, 33.7053
16.2784, 39.3377, 33.7225
16.2931, 39.3421, 33.7378
16.3004, 39.3510, 33.7493
16.3151, 39.3598, 33.7665
16.3298, 39.3686, 33.7836
16.3445, 39.3773, 33.8007
16.3591, 39.3860, 33.8177
16.3736, 39.3903, 33.8328
16.3809, 39.4062, 33.8503
16.3883, 39.4149, 33.8617
16.4027, 39.4237, 33.8786
16.4171, 39.4325, 33.8955
16.4315, 39.4413, 33.9123
16.4460, 39.4502, 33.9294
16.4606, 39.4591, 33.9465
16.4752, 39.4680, 33.9636
16.4899, 39.4813, 33.9834
16.5122, 39.4902, 34.0074
16.5271, 39.5072, 34.0300
16.5322, 39.5164, 34.0405
16.5472, 39.5257, 34.0582
16.5624, 39.5351, 34.0760
16.5777, 39.5446, 34.0940
16.5931, 39.5638, 34.1187
16.6242, 39.5734, 34.1512
16.6399, 39.5782, 34.1676
16.6478, 39.5881, 34.1803
16.6637, 39.6029, 34.2020
16.6877, 39.6078, 34.2265
16.6958, 39.6211, 34.2421
16.7050, 39.6313, 34.2558
16.7213, 39.6364, 34.2729
16.7295, 39.6467, 34.2861
16.7459, 39.6570, 34.3054
16.7624, 39.6675, 34.3250
16.7791, 39.6832, 34.3479
16.8040, 39.6885, 34.3734
16.8124, 39.6990, 34.3868
16.8291, 39.7096, 34.4066
16.8460, 39.7187, 34.4258
16.8605, 39.7293, 34.4437
16.8774, 39.7504, 34.4708
16.9114, 39.7557, 34.5052
16.9200, 39.7663, 34.5188
16.9371, 39.7770, 34.5390
16.9543, 39.7876, 34.5592
16.9715, 39.7982, 34.5794
16.9886, 39.8090, 34.5996
17.0057, 39.8143, 34.6175
17.0142, 39.8249, 34.6311
17.0312, 39.8327, 34.6498
17.0436, 39.8433, 34.6661
17.0606, 39.8485, 34.6839
17.0690, 39.8538, 34.6939
17.0776, 39.8643, 34.7074
17.0945, 39.8749, 34.7274
17.1115, 39.8906, 34.7505
17.1367, 39.9011, 34.7778
17.1535, 39.9116, 34.7976
17.1703, 39.9220, 34.8174
17.1869, 39.9274, 34.8348
17.2027, 39.9378, 34.8538
17.2193, 39.9481, 34.8733
17.2359, 39.9634, 34.8959
17.2607, 39.9736, 34.9227
17.2772, 39.9837, 34.9420
17.2936, 39.9939, 34.9613
17.3101, 40.0040, 34.9807
17.3264, 40.0141, 34.9999
17.3428, 40.0242, 35.0191
17.3590, 40.0292, 35.0361
17.3671, 40.0375, 35.0477
17.3801, 40.0424, 35.0616
17.3882, 40.0522, 35.0743
17.4043, 40.0572, 35.0911
17.4123, 40.0669, 35.1037
17.4284, 40.0766, 35.1225
17.4445, 40.0861, 35.1412
17.4604, 40.0956, 35.1597
17.4764, 40.1098, 35.1811
17.5003, 40.1192, 35.2068
17.5162, 40.1286, 35.2253
17.5321, 40.1381, 35.2438
17.5479, 40.1479, 35.2624
17.5594, 40.1574, 35.2773
17.5752, 40.1622, 35.2938
17.5831, 40.1718, 35.3063
17.5989, 40.1767, 35.3228
17.6069, 40.1815, 35.3321
17.6148, 40.1863, 35.3414
17.6227, 40.1911, 35.3506
17.6307, 40.2055, 35.3671
17.6545, 40.2104, 35.3914
17.6624, 40.2250, 35.4080
17.6863, 40.2298, 35.4324
17.6942, 40.2424, 35.4472
17.7153, 40.2523, 35.4705
17.7313, 40.2572, 35.4873
17.7393, 40.2671, 35.5000
17.7553, 40.2771, 35.5189
17.7714, 40.2821, 35.5357
17.7794, 40.2871, 35.5452
17.7874, 40.2921, 35.5546
17.7955, 40.3020, 35.5674
17.8117, 40.3119, 35.5864
17.8279, 40.3267, 35.6083
17.8523, 40.3317, 35.6332
17.8605, 40.3498, 35.6531
17.8872, 40.3548, 35.6803
17.8955, 40.3648, 35.6933
17.9121, 40.3748, 35.7126
17.9289, 40.3798, 35.7302
17.9372, 40.3848, 35.7398
17.9455, 40.4000, 35.7572
17.9707, 40.4051, 35.7829
17.9791, 40.4203, 35.8002
18.0044, 40.4306, 35.8276
18.0214, 40.4387, 35.8464
18.0326, 40.4491, 35.8617
18.0496, 40.4543, 35.8795
18.0582, 40.4595, 35.8895
18.0667, 40.4700, 35.9030
18.0838, 40.4859, 35.9264
18.1096, 40.4965, 35.9543
18.1269, 40.5071, 35.9745
18.1441, 40.5179, 35.9949
18.1615, 40.5286, 36.0153
18.1788, 40.5395, 36.0357
18.1962, 40.5488, 36.0555
18.2052, 40.5543, 36.0660
18.2139, 40.5597, 36.0762
18.2226, 40.5706, 36.0902
18.2401, 40.5815, 36.1108
18.2578, 40.5869, 36.1293
18.2666, 40.6032, 36.1478
18.2933, 40.6086, 36.1751
18.3022, 40.6195, 36.1892
18.3202, 40.6358, 36.2134
18.3470, 40.6412, 36.2408
18.3560, 40.6575, 36.2594
18.3830, 40.6683, 36.2885
18.4010, 40.6790, 36.3094
18.4129, 40.6899, 36.3256
18.4310, 40.7009, 36.3467
18.4491, 40.7063, 36.3656
18.4582, 40.7118, 36.3763
18.4672, 40.7340, 36.4002
18.5036, 40.7396, 36.4370
18.5126, 40.7507, 36.4513
18.5307, 40.7563, 36.4703
18.5397, 40.7729, 36.4892
18.5666, 40.7946, 36.5237
18.5864, 40.8001, 36.5443
18.5954, 40.8113, 36.5586
18.6133, 40.8225, 36.5797
18.6312, 40.8336, 36.6008
18.6491, 40.8559, 36.6294
18.6847, 40.8615, 36.6654
18.6936, 40.8670, 36.6759
18.7025, 40.8726, 36.6864
18.7114, 40.8837, 36.7006
18.7293, 40.8946, 36.7216
18.7472, 40.9086, 36.7443
18.7584, 40.9195, 36.7600
18.7763, 40.9412, 36.7881
18.8122, 40.9467, 36.8244
18.8211, 40.9575, 36.8384
18.8389, 40.9686, 36.8594
18.8568, 40.9797, 36.8804
18.8745, 40.9909, 36.9014
18.8923, 41.0078, 36.9259
18.9191, 41.0190, 36.9550
18.9368, 41.0339, 36.9781
18.9464, 41.0452, 36.9929
18.9642, 41.0565, 37.0140
18.9821, 41.0676, 37.0351
19.0000, 41.0787, 37.0562
19.0179, 41.0899, 37.0773
19.0358, 41.1010, 37.0983
19.0538, 41.1231, 37.1268
19.0898, 41.1287, 37.1633
19.0987, 41.1473, 37.1839
19.1160, 41.1529, 37.2021
19.1250, 41.1641, 37.2164
19.1429, 41.1751, 37.2374
19.1607, 41.1973, 37.2659
19.1962, 41.2028, 37.3018
19.2051, 41.2083, 37.3123
19.2140, 41.2138, 37.3228
19.2229, 41.2250, 37.3371
19.2408, 41.2305, 37.3558
19.2497, 41.2361, 37.3663
19.2587, 41.2472, 37.3806
19.2767, 41.2585, 37.4018
19.2948, 41.2816, 37.4312
19.3218, 41.2874, 37.4588
19.3308, 41.2986, 37.4732
19.3487, 41.3099, 37.4943
19.3666, 41.3212, 37.5155
19.3844, 41.3326, 37.5366
19.4023, 41.3382, 37.5554
19.4112, 41.3439, 37.5660
19.4202, 41.3496, 37.5766
19.4292, 41.3552, 37.5872
19.4381, 41.3667, 37.6018
19.4561, 41.3781, 37.6231
19.4647, 41.3838, 37.6334
19.4738, 41.3896, 37.6442
19.4828, 41.4067, 37.6635
19.5100, 41.4181, 37.6930
19.5280, 41.4294, 37.7142
19.5461, 41.4406, 37.7355
19.5639, 41.4518, 37.7566
19.5818, 41.4686, 37.7811
19.6084, 41.4852, 37.8125
19.6348, 41.4908, 37.8395
19.6436, 41.5067, 37.8576
19.6594, 41.5123, 37.8744
19.6682, 41.5234, 37.8886
19.6859, 41.5343, 37.9093
19.7034, 41.5453, 37.9300
19.7210, 41.5615, 37.9539
19.7471, 41.5723, 37.9822
19.7644, 41.5830, 38.0025
19.7816, 41.5937, 38.0228
19.7987, 41.6045, 38.0430
19.8159, 41.6148, 38.0631
19.8219, 41.6255, 38.0753
19.8389, 41.6362, 38.0954
19.8560, 41.6523, 38.1189
19.8814, 41.6629, 38.1464
19.8983, 41.6735, 38.1664
19.9152, 41.6840, 38.1863
19.9320, 41.6945, 38.2061
19.9487, 41.7101, 38.2289
19.9737, 41.7153, 38.2545
19.9820, 41.7241, 38.2666
19.9919, 41.7346, 38.2810
20.0084, 41.7398, 38.2983
20.0167, 41.7502, 38.3116
20.0331, 41.7605, 38.3310
20.0495, 41.7657, 38.3482
20.0577, 41.7708, 38.3578
20.0659, 41.7810, 38.3709
20.0822, 41.7960, 38.3931
20.1065, 41.8060, 38.4193
20.1227, 41.8159, 38.4383
20.1388, 41.8257, 38.4572
20.1548, 41.8347, 38.4755
20.1627, 41.8445, 38.4881
20.1786, 41.8639, 38.5132
20.2104, 41.8688, 38.5454
20.2183, 41.8784, 38.5578
20.2341, 41.8881, 38.5763
20.2499, 41.8930, 38.5929
20.2578, 41.8978, 38.6021
20.2657, 41.9076, 38.6147
20.2814, 41.9174, 38.6332
20.2971, 41.9273, 38.6518
20.3129, 41.9478, 38.6777
20.3125, 41.9580, 38.6879
20.3283, 41.9630, 38.7045
20.3361, 41.9781, 38.7214
20.3597, 41.9831, 38.7456
20.3676, 41.9982, 38.7626
20.3914, 42.0084, 38.7885
20.4074, 42.0135, 38.8053
20.4155, 42.0238, 38.8184
20.4316, 42.0341, 38.8375
20.4480, 42.0392, 38.8547
20.4561, 42.0443, 38.8643
20.4643, 42.0593, 38.8814
20.4671, 42.0644, 38.8872
20.4752, 42.0748, 38.9004
20.4914, 42.0851, 38.9196
20.5076, 42.0954, 38.9388
20.5238, 42.1056, 38.9579
20.5400, 42.1160, 38.9771
20.5563, 42.1263, 38.9964
20.5726, 42.1315, 39.0135
20.5807, 42.1471, 39.0311
20.6053, 42.1523, 39.0563
20.6135, 42.1693, 39.0751
20.6292, 42.1745, 39.0917
20.6374, 42.1849, 39.1049
20.6537, 42.2006, 39.1275
20.6780, 42.2111, 39.1540
20.6943, 42.2217, 39.1735
20.7105, 42.2324, 39.1929
20.7269, 42.2430, 39.2124
20.7431, 42.2537, 39.2318
20.7595, 42.2644, 39.2514
20.7758, 42.2764, 39.2716
20.7816, 42.2818, 39.2796
20.7897, 42.2978, 39.2975
20.8143, 42.3031, 39.3227
20.8224, 42.3138, 39.3361
20.8388, 42.3244, 39.3556
20.8551, 42.3404, 39.3785
20.8798, 42.3456, 39.4037
20.8880, 42.3564, 39.4173
20.9045, 42.3723, 39.4402
20.9292, 42.3830, 39.4671
20.9456, 42.3925, 39.4860
20.9529, 42.4033, 39.4991
20.9695, 42.4140, 39.5188
20.9858, 42.4301, 39.5417
21.0105, 42.4355, 39.5670
21.0187, 42.4464, 39.5807
21.0352, 42.4517, 39.5980
21.0434, 42.4625, 39.6115
21.0599, 42.4679, 39.6289
21.0681, 42.4894, 39.6519
21.1010, 42.4947, 39.6852
21.1092, 42.5042, 39.6978
21.1178, 42.5149, 39.7115
21.1343, 42.5256, 39.7312
21.1508, 42.5364, 39.7509
21.1672, 42.5471, 39.7705
21.1836, 42.5577, 39.7900
21.2000, 42.5630, 39.8073
21.2083, 42.5737, 39.8208
21.2247, 42.5843, 39.8403
21.2409, 42.5948, 39.8596
21.2571, 42.6053, 39.8789
21.2733, 42.6143, 39.8975
21.2800, 42.6196, 39.9060
21.2880, 42.6248, 39.9155
21.2960, 42.6352, 39.9287
21.3118, 42.6403, 39.9453
21.3197, 42.6506, 39.9583
21.3355, 42.6609, 39.9771
21.3513, 42.6710, 39.9959
21.3669, 42.6812, 40.0145
21.3825, 42.6912, 40.0330
21.3980, 42.7012, 40.0515
21.4134, 42.7062, 40.0677
21.4211, 42.7132, 40.0781
21.4288, 42.7182, 40.0873
21.4364, 42.7231, 40.0963
21.4441, 42.7330, 40.1088
21.4593, 42.7427, 40.1269
21.4745, 42.7525, 40.1450
21.4897, 42.7573, 40.1609
21.4973, 42.7622, 40.1699
21.5048, 42.7813, 40.1905
21.5350, 42.7861, 40.2210
21.5425, 42.7909, 40.2299
21.5500, 42.7957, 40.2389
21.5575, 42.8052, 40.2510
21.5724, 42.8130, 40.2678
21.5803, 42.8178, 40.2770
21.5876, 42.8225, 40.2857
21.5951, 42.8321, 40.2979
21.6099, 42.8416, 40.3155
21.6247, 42.8510, 40.3330
21.6394, 42.8557, 40.3484
21.6468, 42.8698, 40.3644
21.6688, 42.8745, 40.3869
21.6762, 42.8838, 40.3987
21.6907, 42.8979, 40.4190
21.7127, 42.9073, 40.4429
21.7274, 42.9120, 40.4583
21.7348, 42.9164, 40.4669
21.7445, 42.9257, 40.4804
21.7592, 42.9304, 40.4958
21.7666, 42.9398, 40.5078
21.7813, 42.9492, 40.5252
21.7961, 42.9585, 40.5427
21.8107, 42.9678, 40.5600
21.8254, 42.9771, 40.5774
21.8402, 42.9865, 40.5949
21.8550, 42.9958, 40.6124
21.8697, 43.0005, 40.6278
21.8771, 43.0034, 40.6358
21.8959, 43.0081, 40.6552
21.9033, 43.0174, 40.6671
21.9182, 43.0313, 40.6874
21.9405, 43.0360, 40.7102
21.9480, 43.0453, 40.7222
21.9628, 43.0640, 40.7460
21.9926, 43.0686, 40.7762
22.0000, 43.0780, 40.7881
22.0149, 43.0874, 40.8058
22.0298, 43.0940, 40.8220
22.0481, 43.0988, 40.8410
22.0556, 43.1082, 40.8530
22.0708, 43.1178, 40.8710
22.0861, 43.1321, 40.8919
22.1089, 43.1415, 40.9166
22.1241, 43.1559, 40.9375
22.1470, 43.1606, 40.9609
22.1546, 43.1701, 40.9731
22.1700, 43.1762, 40.9896
22.1791, 43.1857, 41.0028
22.1946, 43.1952, 41.0210
22.2102, 43.2144, 41.0457
22.2416, 43.2192, 41.0775
22.2494, 43.2289, 41.0899
22.2652, 43.2387, 41.1085
22.2809, 43.2485, 41.1270
22.2968, 43.2683, 41.1524
22.3284, 43.2732, 41.1844
22.3363, 43.2780, 41.1936
22.3490, 43.2929, 41.2132
22.3732, 43.2979, 41.2379
22.3812, 43.3079, 41.2507
22.3975, 43.3180, 41.2699
22.4138, 43.3383, 41.2959
22.4467, 43.3435, 41.3292
22.4550, 43.3538, 41.3425
22.4715, 43.3641, 41.3619
22.4882, 43.3745, 41.3816
22.5050, 43.3850, 41.4014
22.5218, 43.3936, 41.4203
22.5322, 43.4041, 41.4350
22.5491, 43.4147, 41.4550
22.5661, 43.4200, 41.4728
22.5747, 43.4307, 41.4865
22.5918, 43.4412, 41.5066
22.6090, 43.4518, 41.5268
22.6262, 43.4623, 41.5470
22.6433, 43.4728, 41.5670
22.6605, 43.4832, 41.5871
22.6777, 43.4911, 41.6060
22.6892, 43.5016, 41.6216
22.7064, 43.5122, 41.6418
22.7236, 43.5281, 41.6652
22.7492, 43.5440, 41.6954
22.7749, 43.5494, 41.7216
22.7835, 43.5600, 41.7353
22.8007, 43.5757, 41.7586
22.8265, 43.5809, 41.7849
22.8351, 43.5913, 41.7984
22.8523, 43.5965, 41.8164
22.8609, 43.6060, 41.8292
22.8696, 43.6164, 41.8427
22.8867, 43.6268, 41.8628
22.9038, 43.6371, 41.8827
22.9208, 43.6475, 41.9026
22.9378, 43.6576, 41.9224
22.9547, 43.6729, 41.9452
22.9802, 43.6779, 41.9712
22.9886, 43.6830, 41.9810
22.9971, 43.6980, 41.9983
23.0225, 43.7031, 42.0242
23.0311, 43.7177, 42.0411
23.0491, 43.7228, 42.0598
23.0576, 43.7329, 42.0730
23.0744, 43.7481, 42.0957
23.0996, 43.7632, 42.1251
23.1247, 43.7682, 42.1507
23.1330, 43.7732, 42.1603
23.1413, 43.7783, 42.1701
23.1497, 43.7884, 42.1832
23.1663, 43.7985, 42.2027
23.1830, 43.8094, 42.2226
23.1928, 43.8144, 42.2336
23.2011, 43.8247, 42.2468
23.2177, 43.8348, 42.2663
23.2343, 43.8449, 42.2857
23.2509, 43.8550, 42.3051
23.2675, 43.8652, 42.3246
23.2841, 43.8752, 42.3440
23.3006, 43.8852, 42.3633
23.3172, 43.8952, 42.3827
23.3338, 43.9003, 42.4000
23.3422, 43.9103, 42.4131
23.3589, 43.9203, 42.4325
23.3758, 43.9314, 42.4528
23.3875, 43.9416, 42.4683
23.4045, 43.9517, 42.4881
23.4214, 43.9618, 42.5078
23.4383, 43.9718, 42.5274
23.4550, 43.9819, 42.5469
23.4719, 43.9869, 42.5645
23.4804, 43.9919, 42.5744
23.4888, 44.0068, 42.5915
23.5141, 44.0168, 42.6187
23.5312, 44.0335, 42.6426
23.5542, 44.0436, 42.6677
23.5713, 44.0538, 42.6876
23.5884, 44.0589, 42.7055
23.5969, 44.0691, 42.7188
23.6139, 44.0844, 42.7416
23.6392, 44.0945, 42.7689
23.6561, 44.1046, 42.7886
23.6730, 44.1146, 42.8082
23.6899, 44.1246, 42.8278
23.7068, 44.1370, 42.8488
23.7198, 44.1471, 42.8653
23.7368, 44.1571, 42.8850
23.7538, 44.1722, 42.9077
23.7790, 44.1872, 42.9370
23.8042, 44.1971, 42.9641
23.8208, 44.2021, 42.9815
23.8291, 44.2119, 42.9943
23.8455, 44.2218, 43.0135
23.8619, 44.2316, 43.0326
23.8783, 44.2437, 43.0529
23.8903, 44.2534, 43.0684
23.9066, 44.2583, 43.0854
23.9147, 44.2679, 43.0979
23.9310, 44.2774, 43.1168
23.9473, 44.2866, 43.1355
23.9636, 44.2957, 43.1542
23.9800, 44.3048, 43.1730
23.9964, 44.3093, 43.1900
24.0046, 44.3182, 43.2021
24.0209, 44.3272, 43.2207
24.0371, 44.3449, 43.2447
24.0554, 44.3494, 43.2635
24.0634, 44.3585, 43.2756
24.0794, 44.3767, 43.2999
24.1112, 44.3813, 43.3320
24.1191, 44.3949, 43.3477
24.1427, 44.3994, 43.3718
24.1505, 44.4085, 43.3837
24.1662, 44.4175, 43.4018
24.1820, 44.4265, 43.4200
24.1978, 44.4354, 43.4382
24.2136, 44.4398, 43.4546
24.2215, 44.4540, 43.4708
24.2310, 44.4627, 43.4837
24.2468, 44.4714, 43.5017
24.2626, 44.4800, 43.5197
24.2784, 44.4886, 43.5377
24.2943, 44.4971, 43.5557
24.3101, 44.5057, 43.5737
24.3259, 44.5142, 43.5917
24.3417, 44.5271, 43.6121
24.3653, 44.5437, 43.6409
24.3839, 44.5481, 43.6600
24.3918, 44.5567, 43.6717
24.4077, 44.5653, 43.6898
24.4235, 44.5696, 43.7062
24.4314, 44.5780, 43.7177
24.4473, 44.5823, 43.7342
24.4552, 44.5907, 43.7457
24.4711, 44.6078, 43.7690
24.5030, 44.6121, 43.8012
24.5110, 44.6207, 43.8130
24.5271, 44.6332, 43.8334
24.5407, 44.6463, 43.8522
24.5649, 44.6506, 43.8768
24.5730, 44.6636, 43.8921
24.5974, 44.6679, 43.9169
24.6056, 44.6809, 43.9323
24.6300, 44.6894, 43.9581
24.6463, 44.6979, 43.9765
24.6627, 44.7065, 43.9950
24.6791, 44.7150, 44.0135
24.6955, 44.7355, 44.0397
24.7135, 44.7398, 44.0583
24.7218, 44.7526, 44.0735
24.7467, 44.7611, 44.0998
24.7633, 44.7697, 44.1185
24.7799, 44.7782, 44.1372
24.7965, 44.7867, 44.1558
24.8130, 44.7953, 44.1744
24.8295, 44.7996, 44.1915
24.8377, 44.8082, 44.2034
24.8543, 44.8235, 44.2259
24.8726, 44.8321, 44.2461
24.8894, 44.8364, 44.2635
24.8978, 44.8450, 44.2755
24.9149, 44.8534, 44.2946
24.9321, 44.8619, 44.3138
24.9494, 44.8746, 44.3352
24.9753, 44.8829, 44.3624
24.9927, 44.8871, 44.3803
25.0014, 44.8914, 44.3900
25.0101, 44.8998, 44.4021
25.0276, 44.9083, 44.4216
25.0453, 44.9209, 44.4433
25.0582, 44.9385, 44.4651
25.0940, 44.9475, 44.5020
25.1122, 44.9520, 44.5208
25.1213, 44.9655, 44.5371
25.1487, 44.9700, 44.5648
25.1579, 44.9789, 44.5776
25.1762, 44.9878, 44.5980
25.1944, 44.9967, 44.6182
25.2127, 45.0056, 44.6386
25.2310, 45.0247, 44.6650
25.2414, 45.0338, 44.6788
25.2599, 45.0429, 44.6995
25.2785, 45.0475, 44.7186
25.2879, 45.0520, 44.7290
25.2973, 45.0566, 44.7395
25.3067, 45.0657, 44.7526
25.3257, 45.0747, 44.7736
25.3447, 45.0838, 44.7947
25.3639, 45.0927, 44.8158
25.3831, 45.1016, 44.8370
25.4024, 45.1104, 44.8582
25.4218, 45.1367, 44.8909
25.4419, 45.1456, 44.9129
25.4613, 45.1544, 44.9342
25.4808, 45.1633, 44.9556
25.5003, 45.1722, 44.9771
25.5199, 45.1811, 44.9986
25.5394, 45.1944, 45.0222
25.5688, 45.2076, 45.0544
25.5983, 45.2120, 45.0842
25.6081, 45.2379, 45.1119
25.6295, 45.2423, 45.1338
25.6394, 45.2511, 45.1470
25.6592, 45.2683, 45.1733
25.6989, 45.2768, 45.2139
25.7190, 45.2811, 45.2344
25.7290, 45.2895, 45.2475
25.7491, 45.2978, 45.2692
25.7692, 45.3102, 45.2928
25.7994, 45.3143, 45.3233
25.8095, 45.3314, 45.3432
25.8224, 45.3356, 45.3567
25.8325, 45.3440, 45.3699
25.8528, 45.3524, 45.3918
25.8731, 45.3607, 45.4138
25.8936, 45.3690, 45.4359
25.9141, 45.3772, 45.4580
25.9347, 45.3854, 45.4801
25.9554, 45.3935, 45.5024
25.9762, 45.3975, 45.5236
25.9865, 45.4055, 45.5366
26.0073, 45.4133, 45.5588
26.0281, 45.4334, 45.5877
26.0392, 45.4373, 45.5995
26.0495, 45.4452, 45.6125
26.0702, 45.4491, 45.6335
26.0805, 45.4569, 45.6465
26.1011, 45.4608, 45.6674
26.1115, 45.4686, 45.6804
26.1321, 45.4725, 45.7014
26.1425, 45.4802, 45.7143
26.1633, 45.4840, 45.7355
26.1736, 45.4915, 45.7482
26.1944, 45.4989, 45.7703
26.2151, 45.5246, 45.8033
26.2281, 45.5283, 45.8168
26.2384, 45.5320, 45.8278
26.2487, 45.5356, 45.8387
26.2590, 45.5391, 45.8495
26.2693, 45.5495, 45.8642
26.3001, 45.5529, 45.8952
26.3103, 45.5595, 45.9073
26.3308, 45.5693, 45.9300
26.3616, 45.5758, 45.9615
26.3820, 45.5823, 45.9829
26.4025, 45.5855, 46.0037
26.4126, 45.5888, 46.0143
26.4228, 45.5952, 46.0263
26.4432, 45.6205, 46.0588
26.4521, 45.6272, 46.0700
26.4722, 45.6373, 46.0925
26.5020, 45.6472, 46.1239
26.5315, 45.6504, 46.1536
26.5413, 45.6568, 46.1653
26.5607, 45.6630, 46.1856
26.5801, 45.6691, 46.2060
26.5995, 45.6777, 46.2272
26.6286, 45.6991, 46.2633
26.6382, 45.7020, 46.2733
26.6478, 45.7048, 46.2833
26.6574, 45.7103, 46.2944
26.6764, 45.7157, 46.3142
26.6954, 45.7210, 46.3339
26.7141, 45.7262, 46.3533
26.7328, 45.7339, 46.3735
26.7605, 45.7412, 46.4022
26.7880, 45.7435, 46.4298
26.7972, 45.7481, 46.4400
26.8154, 45.7711, 46.4694
26.8355, 45.7734, 46.4896
26.8446, 45.7779, 46.4998
26.8626, 45.7823, 46.5183
26.8803, 45.7845, 46.5361
26.8891, 45.7889, 46.5460
26.9065, 45.7932, 46.5639
26.9238, 45.7975, 46.5817
26.9409, 45.8017, 46.5993
26.9580, 45.8058, 46.6169
26.9750, 45.8097, 46.6343
26.9921, 45.8135, 46.6519
27.0092, 45.8321, 46.6771
27.0174, 45.8358, 46.6861
27.0346, 45.8376, 46.7034
27.0432, 45.8412, 46.7127
27.0604, 45.8430, 46.7300
27.0690, 45.8465, 46.7393
27.0861, 45.8483, 46.7565
27.0946, 45.8535, 46.7665
27.1201, 45.8553, 46.7920
27.1286, 45.8588, 46.8012
27.1456, 45.8623, 46.8186
27.1627, 45.8844, 46.8465
27.1613, 45.8880, 46.8504
27.1784, 45.8897, 46.8676
27.1869, 45.8932, 46.8768
27.2041, 45.8965, 46.8943
27.2212, 45.8997, 46.9117
27.2383, 45.9028, 46.9291
27.2554, 45.9058, 46.9464
27.2724, 45.9116, 46.9644
27.3062, 45.9129, 46.9982
27.3146, 45.9156, 47.0070
27.3315, 45.9148, 47.0239
27.3451, 45.9160, 47.0376
27.3535, 45.9182, 47.0463
27.3704, 45.9225, 47.0637
27.4043, 45.9235, 47.0976
27.4128, 45.9264, 47.1066
27.4380, 45.9274, 47.1318
27.4463, 45.9274, 47.1401
ENDTABLE

LOG_ENTRY Used Dataset: Path: X-Y Coordinates for Segment; Starbuck_straight
#Library : Path: X-Y Coordinates for Segment
#DataSet : Starbuck_straight
#Category: 
#FileID  : XYtab_04f22f2d-116a-4e78-bb67-44089d010f4a
#Product : CarSim 2020.0
#VehCode X-Y Coordinates of Segment

END
